0	6
0.0004	1
0.002	1
0.003	3
0.004	1
0.006	5
0.0067	1
0.007	2
0.008	1
0.009	2
0.010	1
0.013	1
0.016	1
0.020	2
0.021	1
0.022	3
0.023	1
0.025	1
0.027	3
0.030	1
0.035	1
0.036	2
0.037	2
0.038	1
0.039	1
0.047	2
0.049	1
0.050	1
0.053	1
0.057	1
0.060	1
0.061	2
0.070	1
0.073	1
0.075	1
0.082	1
0.08glaxo	1
0.091	1
0.097	1
0.099	1
0.1	3
0.1-0.5	1
0.10	1
0.10-0.25	4
0.10-0.50	7
0.114	1
0.11bajaj	1
0.120	1
0.121	1
0.135	1
0.14ranbaxy	1
0.15	3
0.158	1
0.17	1
0.175	1
0.18note	1
0.19	1
0.1industrial	3
0.20/0.40	3
0.21telco	1
0.22	1
0.225	1
0.23	1
0.23indian	1
0.24	1
0.25	1
0.25-1.00	1
0.25/1.25	9
0.26	2
0.26arvind	1
0.272	1
0.30	2
0.30/0.50	3
0.315	1
0.331	1
0.34colgate	1
0.35	2
0.36gujarat	1
0.36tata	1
0.41	1
0.415	1
0.44	2
0.46	1
0.47	3
0.47bses	1
0.47ipcl	1
0.50	3
0.50/1.50	5
0.52	3
0.54	1
0.56	1
0.578	1
0.57reliance	1
0.58hindalco	1
0.5wockhardt	3
0.6	1
0.60	2
0.60/0.90	3
0.609	1
0.66colgate	1
0.68	1
0.692	1
0.71	3
0.72glaxo	1
0.74	2
0.75-1.50	1
0.75/1.75	9
0.8	3
0.80	1
0.80/1.30	3
0.83acc	1
0.85	1
0.86bhel	1
0.90	1
0.91	1
0.91idbi	1
0.93g	1
0.95	3
0.99	2
00	25
00.0	1
00.00	3
00.03	1
00.10	1
00.15	2
00.20	2
00.225	1
00.25	1
00.28	1
00.30	1
00.31	1
00.35	1
00.487	1
00.57	1
00.60	1
00.783	1
00.80	2
00.90	1
0000/0025	8
0000/00251100	1
0000/00251200	1
0000/00251300	1
0000/00251500	2
0000/00251600	1
0000/0050	10
0000/00501200	1
0000/00501300	1
0000/00501400	1
0000/00501600	1
00125/0025	1
0025/0050	7
0025/00501100	2
0025/00501400	1
0025/0075	6
0050/0075	4
0050/00751100	1
0050/0100	4
01	31
01.00	3
01.35	1
01.50	2
01/01,01/0705.75	4
01/01,01/0706.50	2
01/01,01/0706.75	2
01/01,01/0707.75	2
01/03,01/0913.50	2
01/03,01/0914.00	4
01/03/96	2
01/03/97	2
01/04	21
01/04,01/1006.50	2
01/04,01/1006.75	2
01/04coal	1
01/04n	1
01/06,01/1210.25	2
01/06,01/1210.50	2
01/06/04	2
01/06/12	2
01/06/84	4
01/07/00	2
01/07/01	6
01/07/71	4
01/07/76	2
01/07/78	2
01/09/95	2
01/09/97	4
01/10/05	2
01/10/77	4
01/10/98	2
011	7
011-332	7
02	21
02.00	2
02.50	2
02/01,02/0707.50	2
02/01/98	1
02/03,02/0913.31	2
02/04	17
02/04coal	1
02/04muriate	1
02/07/79	2
02/07/97	2
02/09/93	2
02/09/99	2
021338	4
022	1
022-265	8
022-2659000	3
03	7
03/02,03/0812.70	2
03/02/00	4
03/02/93	2
03/02/95	2
03/04	13
03/04general	1
03/04high	2
03/04iron	2
03/05/97	2
03/06,03/1212.60	2
03/12/92	2
03/12/98	2
04	13
04-april-97	1
04.00	1
04.50	1
04/06,04/1213.40	2
04/06/93	2
04/06/98	2
04/07/97	1
041338	3
05	16
05-april-97	1
05.00	1
05.50	2
05/02,05/0806.50	2
05/02,05/0811.00	2
05/02,05/0811.25	2
05/02,05/0811.50	2
05/04,05/1010.50	2
05/04/97	7
05/05/05	2
05/05/95	2
05/06,05/1212.75	2
05/06/92	2
05/06/97	2
05/08/01	2
05/08/02	2
05/08/06	2
05/08/11	2
05/08/91	6
05/08/92	2
05/10/07	2
05/10/87	2
05/11,05/0513.80	2
05/12/95	2
06	15
06.30	1
06/03	1
06/06/96	2
06/06/97	1
06/06/99	2
06/12,06/0613.85	2
06ii	2
07	9
07.26	1
07.50	2
07/02/96	2
07/02/99	2
07/04/94	2
07/04/99	2
07/06/97	1
07/08,07/0213.50	2
07/10,07/0412.35	2
07/10/96	2
08	6
08/06/05	6
08/06/95	2
08/12,08/0613.25	2
08/12,08/0614.00	2
08/12,08/06frb	2
0800	1
0841	7
09	4
09-april-97	1
09.87	1
0930	2
0945	1
0955	1
1	82
1,000	10
1,000-odd	2
1,000.0	1
1,000.00	1
1,000.00auction	4
1,000.00non-competitive	1
1,000.014/03	1
1,000.021/03	1
1,000.027/03	1
1,000cc	4
1,001.0	1
1,001.05	2
1,002.20.the	1
1,002.50	1
1,006.25	1
1,009.30	2
1,009.30.shares	1
1,012.50	2
1,020.015/11	1
1,035	1
1,040-megawatt	1
1,054	2
1,065.0	1
1,079.8	1
1,090.001/03	1
1,092.1	1
1,095.50coupon	1
1,095.90	2
1,117.0	1
1,141.302/02	1
1,161/75	1
1,171/1,172	2
1,175/1,176	2
1,180	1
1,180/1,181	1
1,186/1,187	1
1,200	2
1,200/1,220	1
1,201.30	2
1,201.30coupon	1
1,220	1
1,242	2
1,242.75	2
1,248.16	1
1,25,000	4
1,26,000	4
1,271	1
1,272.00	1
1,276	1
1,278	1
1,283.00coupon	1
1,290/1,340	1
1,290/1,350	1
1,300	4
1,301.016/02	1
1,309	1
1,340/1,380	2
1,377	1
1,383	1
1,385.00	2
1,388.209/02	1
1,397.telco	1
1,400	1
1,402.25	1
1,404.nestle	1
1,425.0	1
1,425.020/12	1
1,434.70	2
1,453.6	1
1,463.69	1
1,469.40	1
1,469.40note	1
1,471	1
1,480	1
1,488.62	3
1,493	1
1,499	2
1,500	2
1,500/2,000	1
1,505.5	1
1,510.20	2
1,511	1
1,536.67	3
1,536.67associated	1
1,545.75	2
1,547/113	1
1,548.0	1
1,550/1,660	1
1,560/1,660	3
1,565/1,670	1
1,585	1
1,601	1
1,617.0	1
1,623.6	2
1,623.60redemption	1
1,641	1
1,657million	3
1,683	1
1,693	1
1,709.66	2
1,726.60	2
1,773.3	1
1,811	1
1,824,333.96	2
1,848/150	1
1,851	1
1,868.3	1
1,868.6	1
1,868.607/02	1
1,869	1
1,870.68	2
1,890/1,950	2
1,929.40	2
1,953.612/01	1
1,991	1
1-1	1
1-1.geoff	1
1-1/2	1
1-april	2
1-april-97	2
1.0	8
1.0-1.25	1
1.00	2
1.00/1.75	3
1.00/2.00	4
1.007	1
1.02	1
1.04	4
1.05gujarat	1
1.09	2
1.1	4
1.10/1.60	3
1.11	2
1.12	3
1.124	1
1.12sbi	1
1.13l	1
1.15	2
1.18	3
1.2	4
1.218	1
1.25/1.75	1
1.27	5
1.3	6
1.33hll	1
1.34hpcl	1
1.35/1.75	2
1.36itc	1
1.37arvind	1
1.4	3
1.423	1
1.42tata	1
1.446	2
1.45	3
1.46	2
1.5	7
1.50/2.50	6
1.55	1
1.56sail	1
1.59	1
1.60	6
1.61	1
1.64	1
1.64grasim	1
1.65nestle	1
1.7	1
1.70	2
1.706	1
1.708	1
1.74	5
1.748	1
1.75	2
1.751	1
1.8	2
1.80	1
1.9	1
1.91	2
1.94	2
1.sebi	1
1.wire	1
1/04	5
1/2	1
1/april	24
1/june	4
1/may	18
10	76
10,000	4
10,000-25,000	1
10,000.00	25
10,093	1
10,337	1
10,500	3
10,705	1
10,900	2
10-20	1
10-month	14
10-year	4
10.0	3
10.00	4
10.00/10.75	1
10.0080	1
10.00jm	1
10.0224	1
10.0281	4
10.03	1
10.0482	1
10.0683	1
10.07	1
10.0723	1
10.0784	2
10.0985	2
10.11	1
10.1186	1
10.1287	1
10.1322	1
10.1488	1
10.1520	1
10.1589	1
10.16	1
10.1638	1
10.1864	2
10.19jm	1
10.2	1
10.20	2
10.2295	1
10.25	1
10.25/10.00	1
10.25/11.00	1
10.25/11.25	1
10.25/9.75	1
10.35	3
10.50	1
10.55	1
10.63/11.13	1
10.70	3
10.75	1
10.75/11.50	1
10.75/11.75	1
10.88/11.38	1
10.90	3
10.93jm	1
10/05/97	3
10/10/2002	3
10/10/97	3
10/15	2
10/50	2
10/60	2
10/april	6
10/june	4
100	74
100,000	2
100-share	3
100.00	46
100.00/101.00m	1
100.13/75	1
100.50	1
100.80coupon	1
100.90	1
100/1	1
1000	2
100p	3
101.00	1
101.28	1
101.31	2
101.37	5
101.40	5
101.48	2
101.50	1
101.50/101.6013.50	1
101.51	1
101.52	1
101.53	4
101.5313.50	1
101.55	1
101.58	1
101.60	2
101.60/101.75	1
101.60/101.7513.70	1
101.60/101.80	1
101.62	1
101.63	2
101.65/101.70	1
101.71	2
101.75	1
101.89	1
101/103	2
101/104	1
1015	1
102.00	2
102.05	1
102.10	2
102.14	1
102.15	1
102.20	2
102.22	7
102.25	1
102.29	15
102.30	1
102.3011.75	1
102.35	1
102.40	2
102.44	1
102.50	2
102.50/102.70	1
102.50commercial	1
102.54	1
102.55	1
102.55/102.75	1
102.5514.00	1
102.58	4
102.59	5
102.60	5
102.60/102.85	1
102.60/102.85commercial	1
102.61	1
102.62	2
102.65	5
102.66	1
102.67	3
102.67zero	1
102.69	1
102.70	4
102.72	1
102.74	1
102.75	8
102.75/102.80	1
102.80	3
102.80/102.90	1
102.85	1
102.87	1
102.90	2
102.90/102.95	1
102.93	1
102.95	3
1025-1180	2
1025-1180linseed	2
103.00	3
103.0413.40	1
103.05	2
103.10	1
103.10/103.35	1
103.105	1
103.11	2
103.12	1
103.13	2
103.15	3
103.1514.00	1
103.17	1
103.19	1
103.20	7
103.20.other	1
103.22	1
103.23	1
103.25	3
103.25/103.35	1
103.25/104.00nippon	1
103.26	1
103.28	2
103.30	7
103.31	1
103.33	1
103.35	6
103.37	1
103.3713.62	1
103.39	1
103.40	2
103.42	1
103.44	1
103.50/103.70	1
103.50/103.75	1
103.55/103.65	1
103.63	1
103.65	1
103.65/103.75	1
103.66	1
103.70	1
103.75	1
103.89	1
1030	8
104	1
104,207	1
104.00	2
104.00/105.00sterlite	1
104.11	1
1045	1
105	3
1050-1100	4
106	1
106.97	2
107	1
107.90coupon	1
108.75/109.75scici	1
1080-1150	1
1080-1150.source	1
1080-1150source	1
10indian	3
10jk	3
10oriental	3
10telco	3
11	80
11,000	1
11,100	1
11,115	2
11,200	1
11,300-11,350	6
11,316	1
11,326	1
11,409	1
11,476	1
11,773	1
11,950	2
11,974.40	2
11-april-97	4
11.00	9
11.00/11.75	3
11.00/12.00	1
11.05jm	1
11.12	3
11.1388	1
11.1393	1
11.15	3
11.1555	1
11.16	3
11.1798	1
11.2041	1
11.25/11.75	1
11.25/12.00	2
11.2602	1
11.2656	1
11.30	1
11.3466	1
11.37	3
11.39	3
11.40	3
11.4605	1
11.50	5
11.64	3
11.7	1
11.75	4
11.75/12.50	5
11.89	1
11.9127	2
11.9217	1
11.9521	1
11.95jm	1
11.9649	2
11.9701	1
11.9824	1
11.analysts	1
11.asked	1
11.bombay	2
11.burns	1
11.but	1
11.deve	1
11.g.k	1
11.jaipal	1
11.jena	1
11.on	1
11.pakistan	1
11.parliamentary	2
11.politicians	1
11.president	1
11.reliance	1
11.sangma	1
11.the	3
11.united	1
11/03,11/09frb	2
11/04,11/1005.75	2
11/04,11/1008.75	2
11/04/00	2
11/04/70	2
11/04/97	2
11/05,11/1111.00	2
11/05,11/1111.50	2
11/05/02	2
11/05/87	4
11/05/97	2
11/06,10/1211.25	2
11/06,10/1211.50	2
11/06,11/1210.75	2
11/06/00	2
11/06/05	2
11/06/10	2
11/06/90	6
11/09/05	2
11/09/95	2
11/10/05	2
11/10/82	2
11/april	2
110	4
110.0	1
110.00	1
111	1
111.38	3
112	7
112,256.70	2
112.04	2
112.75	2
1120-1170	1
1120-1350	1
1120-1350sugar	2
113.59	1
1130	1
114,000	1
114,0003.c	1
115	3
115/118	2
1150-1200	2
1150-1250sugar	1
116.00	1
116.50	3
116/118	5
116/119	4
1160-1180	2
1160-1180cottonseed	2
117,000	1
117,0002.cathodes	1
1170-1400	1
118/121	1
1180-1330sugar	1
119,000	1
119/121	1
11bombay	1
11th	4
11th.he	1
11the	1
12	24
12,000-15,000	1
12,000.00	2
12,097.70	2
12,100-12,500	1
12,145	1
12,200-12,400	2
12,200-12,450	2
12,250-12,500	1
12,300-12,400	1
12,300-12,450	1
12,300-12,500	1
12,300-12,600	1
12,350-12,450	1
12,350-12,450dhar	1
12,350-12,500	1
12,350-12,500rajgarh	1
12,350-12,650	1
12,375	1
12,390	1
12,400-12,550	1
12,400-12,550barnagar	1
12,400-12,550javar	1
12,400-12,550mandsaur	1
12,400-12,550ratlam	1
12,400-12,600	2
12,400-12,600badnavar	1
12,400-12,600ratlam	1
12,400-12,700	1
12,400-12,750	1
12,450-12,700ratlam	1
12,459	1
12,500	1
12,500-12,600	1
12,500-12,650ashta	1
12,550-12,650jaora	1
12,550-12,700barnagar	1
12,550-12,700dhar	1
12,550-12,750rajgarh	1
12,600-12,750	1
12,600-12,850jaora	1
12,650-12,900dhar	1
12,700-12,800jaora	1
12,700-12,850barnagar	1
12,700-12,950	1
12,700-13,100	1
12,750-13,100	1
12,850-13,450	1
12,878	1
12,900-13,100	1
12-april-97	1
12-day	1
12.00	7
12.00.treasury	1
12.00/12.75	2
12.0032	1
12.00commercial	2
12.00treasury	1
12.0119	2
12.0128	2
12.0162	1
12.04	2
12.0516	1
12.13/13.13jf	1
12.15commercial	2
12.1853	1
12.1983	1
12.2	1
12.2026	1
12.2069	3
12.2243	1
12.2286	2
12.25/12.75jf	1
12.25/13.00	5
12.25/13.00jf	1
12.2797	1
12.3163	1
12.3164	1
12.3310	1
12.3382	1
12.35	1
12.40	3
12.4043	1
12.4329	5
12.45	7
12.4622	1
12.4632	1
12.4778	1
12.49	1
12.5	4
12.50	11
12.50/13.25	3
12.5388	2
12.6	3
12.60	3
12.66	1
12.7155	1
12.75	6
12.79	3
12.8648	1
12.87	1
12.8878	1
12.8936	1
12.9370	1
12.97	3
12.98	3
12.9934	1
12/04/97	10
12/05,12/1106.00	2
12/05,12/1107.25	2
12/05,12/1107.50	2
12/05/03	2
12/05/06	2
12/05/10	2
12/05/73	2
12/05/80	2
12/05/81	2
12/05/86	2
12/05/98	2
12/07/00	2
12/07/96	2
12/09/97	2
12/11,12/0511.30	2
12/14	4
12/april	6
12/august	2
12/may	2
120	3
120,000	1
120.0	1
120.00	3
120/122	1
120/123	1
1200-1330	1
121-122	1
121/123	3
122.20	1
1220-1225	1
1220-1300	1
1220.00	1
123-124	1
1230	1
1235-1240	1
124	1
124.30	2
124.60	1
124.75	1
124.83	1
1245	1
125	20
125,000	1
1250-1320	1
1250-1370sugar	1
126,000	1
126,000the	1
126,395	1
1260-1320sugar	1
127,0004.c	1
1275	2
1275glycerine	2
128,591	1
13	19
13,250	4
13,300/13,500	1
13,320	1
13,382.30	2
13,498	1
13,500	1
13,500/13,800	3
13,500/14,000	1
13,500aluminium	1
13,550	5
13,800	2
13.0	14
13.0757	1
13.0787	1
13.0889	1
13.0909	14
13.1036	1
13.1040	1
13.1135	2
13.1145	6
13.12	8
13.1308	1
13.1381	1
13.1598	1
13.1983	1
13.2495	1
13.25	3
13.2638	1
13.2829	1
13.2878	1
13.30	1
13.3174	1
13.3315	1
13.3404	1
13.35	1
13.3590	1
13.3682	2
13.3835	5
13.3883	1
13.3982	2
13.40	14
13.4039	1
13.4329	1
13.4520	1
13.4571	1
13.4616	2
13.4619	2
13.4638	1
13.4673	1
13.4714	1
13.4769	1
13.4810	1
13.4903	1
13.4925	5
13.4944	4
13.50	52
13.55	9
13.5772	1
13.62	11
13.6458	1
13.65	22
13.70	13
13.75	8
13.82	6
13.85	29
13.87	3
13.93	3
13/06,13/1210.00	2
13/07/00	2
13/12/10	2
13/12/82	2
13/15	4
13/16	1
13/june	2
13/may	2
130	7
130.00	1
1300-1360	1
1300-1600	2
1300-1600groundnut	2
131.50	2
131.75	1
132	1
132.84	1
1320-1500	1
1325	1
133.75	1
1330	2
135.00	1
1350	1
1350-1460sugar	1
1350camphor	2
136.25	2
136/1381100	1
136/1381200	1
136/1381400	1
136/1381500	1
136/1391100	2
136/1391600	1
136/139these	1
1365-1470	1
1365-1470sugar	1
137.50	1
137.8	3
137/1391300	1
137/140.these	1
137/1401200	1
1378-1375	2
1378-1375sodium	2
138	1
138.50	1
138/1411300	1
139,470	1
139/1421600	1
139/1441400	1
14	26
14,400	2
14,550	4
14,562.20	2
14,600	2
14,681	1
14,779.20	2
14,800	2
14-man	1
14-member	1
14.00	26
14.15	3
14.25	3
14.31	2
14.35	3
14.39	3
14.40	3
14.5	4
14.50	2
14.64	3
14.8	1
14/03	2
14/06/97	1
14/07,14/0100.00	2
14/07/95	2
14/07/97	2
14/10/95	2
14/14.50	1
14/april	4
14/may	2
140	17
140,591	1
140.on	1
140/1431500	1
141	1
141/143.these	1
141/143these	1
142/1441100	1
1430	2
145	5
145.00	1
145.75	2
147.75	2
149,000	1
149,277	1
14soyabean	1
15	77
15,000	1
15,000.00	6
15,000.00auction	1
15,150	4
15,198	3
15,306	1
15,543.10	2
15,795	1
15,871	1
15,903	1
15-20	2
15-member	2
15-party	17
15.0	5
15.00	13
15.0punjab	1
15.20	2
15.22	4
15.25/16.00	1
15.35	3
15.4	1
15.5	4
15.5american	1
15.71	2
15.9	3
15.92	3
15.94	3
15.narayan	1
15/01,15/0705.75	2
15/05,15/1106.50	2
15/05,15/1110.75	2
15/05,15/1111.00	2
15/05,15/1111.50	2
15/05/04	2
15/05/06	2
15/05/09	2
15/05/78	2
15/05/89	6
15/05/99	2
15/07/02	2
15/07/72	2
15/08/97	2
15/11,15/0511.00	2
15/11/02	2
15/11/94	2
15/aug	1
150	16
150,000	1
150.00	14
1500	2
1500-1770	2
1500-1770sunflower	2
1500.00	1
1500s.h.m.p	2
151.10coupon	1
152.85	1
153	1
156	1
157	2
158	1
158.42	1
15sanghi	3
16	28
16,000	6
16,050	2
16,396	1
16,400	2
16,535.80	2
16,600	2
16,853	1
16,995	1
16-april-97	2
16-july	2
16.0	2
16.00/16.50	1
16.00/18.00	3
16.0sbici	1
16.25	1
16.25/17.25.the	1
16.35	3
16.5	10
16.50/17.25	2
16.5banque	1
16.5central	1
16.5societe	1
16.60	6
16.7	1
16.70	4
16.80	3
16.85	3
16.96	3
16/01,16/0706.25	2
16/04,16/1012.30	2
16/06,16/1213.25	2
16/06/02	2
16/06/93	2
16/07/74	2
16/07/98	2
16/10/02	2
16/10/92	2
16/april	8
16/june	7
16/may	6
160	3
160.0	1
160.00	1
1600	3
161.75	1
162	3
162,230nalco	1
163	1
164.59	1
165	2
165.75	2
166.00	1
166.25	1
166.45.itc	1
166.50	2
166.57	1
1675-1700	1
1675-1700source	1
168.acc	1
169	1
169,000	1
17	41
17,000	6
17,265	2
17,310.34	1
17,449	2
17,500	2
17,551.00	2
17,551.30	2
17,937	2
17.0	9
17.00	2
17.00/75.the	1
17.0centurion	1
17.0icici	1
17.0idbi	1
17.0indian	1
17.15/50.the	1
17.25	4
17.25/17.75	1
17.25/18.25	1
17.25bank	1
17.25oman	1
17.38/17.88	1
17.5	7
17.50	2
17.50-48	1
17.63/18.63	1
17.75/18.75	1
17.85	1
17.88	3
17.91	1
17/03,17/090.00	2
17/05,17/1100.00	2
17/05/97	1
17/09/02	2
17/09/96	2
17/11/01	2
17/11/93	2
17/april	4
17/june	12
17/may	2
170	4
170.00	1
171	8
171,890	1
172,510	1
172,710	1
172,860	1
173,374malco	1
178	3
18	4
18,100	2
18,300	5
18,320	1
18,539	1
18,863	1
18-april-97	1
18.0	3
18.0.financial	1
18.04	1
18.0canara	1
18.1	1
18.17	2
18.2	1
18.25	2
18.3	1
18.48	1
18.5	8
18.75	4
18.8	1
18.81	1
18.91	1
18/01/94	2
18/01/99	2
18/03	2
18/04/96	2
18/04/98	2
18/07/97	8
18/08,18/0213.50	2
18/08/95	2
18/08/98	2
18/10,18/0413.75	2
18/april	2
180	15
180.00	1
185	1
185,256	1
185-210	2
185-210oxalic	2
19	11
19,200	2
19,468	1
19,993.30	2
19-april-97	1
19.0	3
19.00	1
19.00/19.75	1
19.0syndicate	1
19.19	2
19.21	2
19.31	1
19.37	3
19.45	2
19.5	7
19.50	2
19.5bank	1
19.5citibank	1
19.5corporation	1
19.5dena	1
19.5hdfc	1
19.5hongkong	1
19.75	2
19/01/2003	3
19/03	1
19/04/97	3
19/12/97	1
1900	1
1900borax	2
191	1
192,288	1
193	12
193.20	2
193.deve	1
193.on	1
194	2
1947	2
1947.ahmad	1
1948	1
195	1
196	1
1960-61	1
1980	1
1990	2
1990.after	1
1991	6
1991.about	1
1991.dun	1
1991.suzuki	2
1992	1
1993	9
1993/4	3
1993/94	1
1994	1
1994/95	10
1995	7
1995/96	25
1995/96.analysts	2
1995/96.chaturvedi	1
1995/96.it	1
1995/96.its	1
1995/96analysts	1
1995/96ongc	1
1996	32
1996.chaturvedi	1
1996.most	1
1996.the	1
1996/1997	1
1996/97	66
1996/97.analysts	1
1996/97.asked	2
1996/97.the	1
1996/97indian	1
1996/97the	1
1997	63
1997-1998	2
1997-2002	1
1997-98	1
1997.asked	1
1997.news	1
1997.the	1
1997/2002	1
1997/8	3
1997/98	75
1998	45
1999	50
1999.market	2
1ashok	3
1b.s.e.s	3
1ballarpur	3
1bom.dyeing	3
1century	3
1core	3
1crompton	3
1dcw	3
1e.i.d	3
1e.i.hotel	3
1flex	3
1garden	3
1guj	3
1himachal	3
1hindustan	3
1icici	3
1indian	6
1indo	3
1indo-gulf	3
1ipcl	3
1jain	3
1jct	3
1kesoram	3
1l	3
1nepc	3
1nippon	3
1ranbaxy	3
1raymond	3
1spic	3
1st	1
1tata	3
1telco	3
1tisco	3
1tube	3
1united	3
1usha	3
1videocon	3
1vsnl	3
2	40
2,000	7
2,000.00government	1
2,005.2	1
2,032.10coupon	1
2,050/2,100	1
2,053.325/01	1
2,060	2
2,067.60	2
2,079.823/02	1
2,085	1
2,143.5	1
2,148.10	2
2,150.0	1
2,200.00	1
2,210.00redemption	1
2,214	1
2,250.0	1
2,262	2
2,278.50	1
2,282	2
2,292	3
2,308.40	2
2,314	1
2,343.1	1
2,358	1
2,363	2
2,376	2
2,383	1
2,400/2,450	1
2,401	3
2,425/2,475	1
2,471.1	1
2,476.50	2
2,480	1
2,486.50	2
2,493	1
2,500	3
2,503in	1
2,504	3
2,506	3
2,510.40coupon	1
2,515	1
2,548	1
2,556	1
2,570	1
2,586.5	1
2,626/189	1
2,642	1
2,650.30coupon	1
2,667	2
2,693	1
2,700.0	1
2,727	1
2,751.90	2
2,776	1
2,814.80	2
2,834	1
2,844.8	1
2,890	1
2,941.40	2
2,944/394	1
2,955.0	1
2-0	2
2-2	1
2-5	2
2.0	6
2.00/2.50	3
2.00/3.00	6
2.023	1
2.03	3
2.04	1
2.05	3
2.07	2
2.073	1
2.09indian	1
2.2	13
2.24	1
2.25	1
2.27	1
2.28	2
2.3	1
2.33	2
2.34acc	1
2.36	2
2.37	1
2.44	2
2.45	1
2.46	1
2.46m	1
2.48	3
2.5	4
2.50	1
2.50-2.75	1
2.50-3.00the	1
2.50/3.50	3
2.50/4.50	3
2.54	2
2.54hpcl	1
2.54tata	1
2.58	3
2.62	3
2.63/3.38	1
2.63icici	1
2.63l	1
2.64	1
2.65	3
2.7	2
2.70	2
2.72	3
2.74	4
2.75/3.50	3
2.78	1
2.80	1
2.81	3
2.81sail	1
2.84	2
2.85	1
2.90	1
2.92	1
2.94hindalco	1
2.95	3
2.97	1
2/04	3
2/june	2
20	39
20,000	7
20,000.00	32
20,000.00rbi	1
20,000/25,000	2
20,163	2
20,180	1
20,696	1
20,884	1
20-year	3
20.0	4
20.00	18
20.00/20.75	1
20.08	1
20.08/21.14	1
20.0bank	1
20.0ing	1
20.0krung	1
20.0oriental	1
20.22	1
20.22/21.28	1
20.25/21.00	1
20.25/21.25	2
20.25/75	1
20.50	3
20.50/21.50	1
20.70coupon	1
20.71	2
20.71/21.80	2
20.75	1
20.86	2
20.86/21.96	2
20.9	1
20.the	1
20/02,20/0809.50	2
20/02/08	2
20/02/84	2
20/03	7
20/06,20/1206.25	2
20/06/04	2
20/06/77	2
20/1	1
20/30	4
20/april	2
200	12
200,000	2
200-300	1
200.00	6
200.8	1
200/300	1
2000	18
2000b	1
2001	35
2002	9
2003	1
2004	9
2005	4
2006	28
2007	16
2009	1
2010	1
2011	3
2014	1
2024	22
203,650	1
204	1
204.00	1
204.50	1
2045.60	1
205	6
21	21
21,313	1
21,345	1
21,884	1
21,900	1
21-april-97	3
21.00/22.00	2
21.16	5
21.25	2
21.26	1
21.36	3
21.47	3
21.7	2
21.75	2
21.75/22.75	1
21.9	1
21.analysts	1
21.prime	1
21.the	1
21/02/97	4
21/03	4
21/04,21/1011.50	2
21/04,21/1012.00	2
21/04,21/1012.50	2
21/05,21/1111.50	2
21/05/05	2
21/05/15	2
21/05/85	4
21/07/01	2
21/07/81	2
21/08,21/02	2
21/10/01	2
21/10/06	2
21/10/11	2
21/10/91	6
21/11,21/0510.80	2
21/april	2
21/may	1
210,000	1
210.75	1
2100-2400	2
211.75	2
212.25	2
213.75	1
218,000	1
219.50	1
21st	2
22	16
22,500	2
22,649	1
22,681	1
22,900	2
22-50	1
22-50source	2
22.04	1
22.05/23.34	1
22.17	3
22.25	1
22.5	4
22.50	2
22.50/23.50	2
22.51	3
22.80/24.13	1
22/01,22/0711.50	2
22/03	3
22/03iron	1
22/05,22/1106.50	2
22/05,22/1107.00	2
22/06/95	2
22/07/08	2
22/07/85	2
22/11/07	2
22/11/74	2
22/11/78	2
22/11/97	2
22/april	2
22/july	1
22/may	4
220	3
220,000	1
223	1
225	1
225-235	1
225-235stable	2
227	1
228.8	1
229	1
23	14
23,332.60	2
23-50	1
23-april-97	1
23.00/24.00	1
23.03/24.38	1
23.17	2
23.21	3
23/03	2
23/03,23/0912.00	2
23/03/04	2
23/03/94	2
23/03coal	1
23/03iron	1
23/03sulphur	1
23/05,23/1110.50	2
23/05,23/1111.00	2
23/05,23/1111.50	2
23/05/03	2
23/05/08	2
23/05/88	6
23/05/98	2
23/april	2
23/may	2
23/sept	4
230	3
231	4
232.00	2
233	1
237	1
237.75	1
24	33
24,000	1
24,124	1
24,134	1
24,384	1
24,805	1
24-hour	1
24.00	3
24.61	1
24.7	2
24.8	1
24/03	1
24/05,24/1108.25	2
24/05,24/1109.00	2
24/05,24/1112.08	2
24/05/01	2
24/05/02	2
24/05/04	2
24/05/13	2
24/05/82	4
24/05/94	2
24/05/96	2
24/06,24/1213.65	2
24/06/06	2
24/06/96	2
24/11,24/0513.70	2
24/12,24/060.00	2
24/12/96	2
24/12/99	2
24/april	4
24/july	1
24/june	2
24/may	1
240	1
248.25	1
25	45
25,000	3
25,300.industry	1
25,500-25,600soyoil	1
25,536.80	2
25,700-25,800soyoil	1
25,800-25,900soyoil	1
25,900-26,000soyoil	1
25,980	1
25-30	1
25-april-97	2
25.00	1
25.1	4
25.14	3
25.32	1
25.33	3
25.6	1
25.63	2
25/02,25/0811.55	2
25/03	12
25/03,25/0913.50	2
25/03,25/0913.85	2
25/03,25/0914.00	2
25/03/01	2
25/03/06	2
25/03/07	2
25/03/92	2
25/03/96	6
25/03/98	2
25/03muriate	1
25/05,25/1106.50	2
25/05/09	2
25/05/79	2
25/08/01	2
25/08/94	2
25/09,25/0312.00	2
25/april	4
250	6
250,000	2
250.00	13
254.70	3
254/255	1
256.25	2
26	9
26,100-26,200soyoil	1
26,200-26,300soyoil	1
26,702	1
26,746	1
26-april-97	1
26.01	1
26.23	3
26.28	3
26.5pct	3
26.6pct	3
26.87	1
26/01,26/0706.50	2
26/01,26/0711.75	2
26/02,26/0813.82	2
26/03	18
26/03iron	1
26/03kerosene	1
26/03meg	2
26/04/97	7
26/07/00	2
26/07/03	2
26/07/75	2
26/07/94	2
26/08/06	2
26/08/96	2
26/09/2002	3
26/09/97	3
26/11/96	2
26/june	4
260-280	1
260.20	2
260.25	1
261.00	1
262.00	1
262.50	1
263.75	1
264.50	2
264.75	1
265	4
265-270	2
265-270soda	2
265.50	2
2651583	1
266.50.tisco	1
2665.00	1
267.50	1
267.tisco	1
2677740/2617071-4,2699714	1
268.30.tisco	1
269.25	2
26copper	1
26extraction	1
26rapseed	1
26soyabean	1
27	18
27,000	6
27,731	1
27-april-97	5
27.90coupon	1
27/02,27/0813.00	2
27/02/01	2
27/02/93	2
27/02/98	4
27/03	14
27/03general	1
27/03rice/gen	1
27/04,27/1007.00	2
27/04,27/1008.00	2
27/04,27/1010.50	2
27/04/00	2
27/04/11	2
27/04/81	4
27/04/95	2
27/04/97	2
27/06,27/1213.65	2
27/07/00	2
27/07/95	2
27/10,27/0413.75	2
27/10/04	2
27/10/86	2
27/11,27/0513.40	2
27/11/01	2
27/11/95	2
27/12	1
27/12/00	2
27/12/95	2
27/april	2
27/dec	2
2700	1
2700cottonseed	1
272.75.bajaj	1
2720	1
2720cottonseed	1
2724	7
273.50	2
274.00	1
274.20coupon	1
274.25	1
274.50	1
275.00	1
277	1
279.00	1
27extraction	1
28	40
28,000	4
28,000-28,100soyoil	1
28,200-28,300	1
28,200-28,300soyoil	1
28,300-28,400soyoil	1
28,385	1
28,400-28,500	1
28,500	2
28,500-28,600	1
28,600	2
28-31	1
28.22	2
28.25	3
28.48	1
28.7	3
28.82	1
28.90	2
28/01,28/0713.12	2
28/03	8
28/03/98	3
28/03muriate	2
28/06,28/1211.64	2
28/06/01	2
28/06/94	2
28/07/00	2
28/07/93	2
28/30	1
28/april	8
280	1
280.25	2
2800	2
2800.source	2
284/285	2
285/286	1
288.00	1
29	6
29,000	4
29,110.50	2
29,400	2
29,519.80	2
29,850	2
29-april-97	1
29.50/30.50	1
29.6	1
29.75/30.75	1
29.8	1
29.80	2
29/03	12
29/03,29/0913.50	2
29/03,29/0913.85	2
29/04,29/1010.50	2
29/06,29/1200.00	2
29/09/95	2
29/09/99	4
29/10/14	2
29/10/84	2
29/11/1996	3
29/12/94	2
29/12/97	2
29/31	4
29/april	2
29/may	2
290/340	3
291.00	1
2950	2
2950soyabean	2
29extraction	1
2finolex	3
2l	3
2m	3
2nd	1
2reliance	3
2s.a.i.l	3
2sterlite	3
3	48
3,000	6
3,000.00auction	1
3,039.6	1
3,042.70	2
3,054/161	1
3,102.50	2
3,150.006/12	1
3,156	2
3,205.90	2
3,206	1
3,208	3
3,293.2	1
3,315.36	1
3,339.47	2
3,360.89	2
3,370.83	1
3,427.01	4
3,430.43	1
3,430.43.prime	1
3,433.39	1
3,438.27	2
3,439.91	1
3,439.91indian	1
3,493.9	1
3,500.013/09	1
3,526.97	1
3,538.39	5
3,538.39.the	1
3,538.40	1
3,539.05.growing	1
3,539.05.the	1
3,540.60	1
3,550.37	1
3,550.37.the	1
3,551.07	1
3,551.07.the	1
3,557	1
3,557.58.the	1
3,559.65	3
3,559.65.the	1
3,591	1
3,600	2
3,618.10	2
3,649.819/01	1
3,675	2
3,771	1
3,781	1
3,784.30	2
3,798	1
3,800	1
3,818	1
3,854	1
3,855	1
3,870.7	1
3,885.80	2
3,907.0	1
3,922.30	2
3,964.50	2
3,980	1
3-april-97	1
3-day	1
3.0	2
3.00	1
3.00/3.50	4
3.00/3.75	3
3.00/5.00	3
3.02	1
3.0barclays	1
3.0standard	1
3.10	4
3.18	3
3.21tisco	1
3.22bhel	1
3.24bajaj	1
3.25	3
3.25/4.00	1
3.25percent	1
3.27	1
3.28	1
3.29	1
3.3	1
3.30	1
3.31	1
3.38bses	1
3.42g	1
3.44	1
3.46ipcl	1
3.48	1
3.48telco	1
3.4954	1
3.5	9
3.50	5
3.54	1
3.55	2
3.550	1
3.557.58.the	1
3.559.65	2
3.59reliance	1
3.5bank	1
3.5idbi	1
3.5ifci	1
3.5scici	1
3.5state	1
3.6	1
3.660	2
3.6cumulative	3
3.7	3
3.75	3
3.75/4.50	3
3.79tata	1
3.8	2
3.80tisco	1
3.81	1
3.98	3
3.9932	2
3/04	2
3/june	3
3/may	2
30	98
30,000.00	10
30,000/35,000	2
30,350	2
30,444	2
30,450	2
30,600	2
30-35	1
30-40	2
30-april	3
30-april-97	1
30-share	24
30.00	4
30.00/31.00	1
30/01,30/0713.85	2
30/01/98	1
30/03	16
30/03general	3
30/03wheat	1
30/04/69	2
30/04/99	2
30/05,30/1109.50	2
30/05/02	2
30/05/14	2
30/05/83	2
30/05/95	2
30/07/2001	3
30/07/96	2
30/07/98	2
30/10,30/0405.50	2
30/10/2003	3
30/11,30/0514.00	2
30/32	2
30/34	2
30/june	6
30/may	4
300	11
300,000	2
300.00	1
300/500	2
301	22
301.0	1
302	3
304.4	1
304.428/02	1
304.90coupon	1
305	1
30soyabean	1
31	39
31,600	5
31,600nickel	1
31.3	1
31.37	3
31.39	3
31.46	1
31.83bln	3
31.kampani	1
31/03	21
31/03muriate	2
31/03wheat	2
310	4
312	1
313.7	3
314.75	1
31st	1
32	3
32,000	6
32,372note	1
32.05	1
32.47	1
32.52	1
32.deve	1
32/34	2
32/35	1
320	3
320-321	2
325.00	1
327	1
33	5
33,300	2
33,350	4
33,387	1
33,850	2
33,867.90	2
33.38	1
33.77	1
33/36	1
330,000	2
330.00	3
331	7
3315.36.bombay	1
3324842	3
335.00	1
3350	2
3350sesame	2
3351006	3
336	1
336.00	2
3380.20	1
34	11
34,000	3
34,234	1
34,600	3
34,700	2
34.4	1
34.63	3
34.75/36.25	1
34/36	4
34/37	1
341.50	2
3427.01	1
344.25	1
347	1
3493.55	1
35	18
35,000	2
35,100	2
35,380	2
35,500	2
35.05	1
35.06	1
35.50/37.00	2
35.8	9
35.83/84	1
35.830/845	1
35.84	2
35.85	3
35.86	5
35.86/87	3
35.860/875	1
35.865/870	2
35.865/875	2
35.87	8
35.87/88	2
35.875/895	1
35.88	7
35.89	2
35.91	3
35.91/93	1
35.91/93.the	1
35.92	1
35.99	1
350	2
351.75	3
352.00	1
352.50	3
352/354	2
3526.27	1
353.00	2
3531.17	1
3538.39	2
355.56	5
3550.37	1
356.25	1
36	4
36,383	1
36,650	2
36,800	5
36.00	1
36.37bln	3
360-380	2
360-380soda	2
362	1
362.6	1
363.00	1
364	8
364-day	1
364day	1
366.25	2
366.50	1
3663.53	1
369.75.itc	1
369.95	3
37	5
37,045copper	1
37,100	1
37,453.60	2
37.25	1
37.32	6
37.50	2
374.75	2
375-lb	1
375.00	1
376.45	1
3761233	3
378.05.acc	1
378.50	1
38	1
38,000	2
38,200	1
38,200lead	1
38,500	1
38,815	2
38.15	1
38.9	1
380-425	2
380.75	1
381,300	1
383.50	2
384.00	1
39	4
39,000	4
39,000.00	1
39,200	2
39.65	1
3bajaj	3
3c.e.s.c	3
3itc	3
3s.i.viscose	3
4	47
4,059.1	1
4,082.0	1
4,108.9	1
4,119.60	2
4,150	1
4,157.2	1
4,160	1
4,166.17	1
4,177.6	1
4,201.10	2
4,250	2
4,250-4,300	1
4,269	1
4,273.302/11	1
4,330.6	1
4,343.7	1
4,375silver.999	1
4,386.524/05	1
4,392.2	1
4,395	1
4,455.029/03	1
4,500	2
4,550	5
4,550tin	1
4,588.7	1
4,620.3	1
4,629.0	1
4,633	1
4,636	1
4,649.70	2
4,700.027/09	1
4,702.20	2
4,720	3
4,725	1
4,728.1	1
4,730	4
4,730.7	1
4,730gold	1
4,735	1
4,750	5
4,765	1
4,803.3	1
4,806.3	1
4,850.00	1
4,850.00non-competitive	1
4,864.214/02	1
4,871.6	1
4,884.0	1
4-billion	2
4.0	5
4.00	1
4.00/4.50	1
4.00/4.75	3
4.00/6.00	6
4.0abu	1
4.0anz	1
4.0bank	2
4.0british	1
4.0credit	1
4.0deutsche	1
4.0dresdner	1
4.0indusind	1
4.0state	1
4.0union	1
4.0uti	1
4.10/4.60	1
4.13/4.63	1
4.1397	1
4.17ranbaxy	1
4.19	1
4.19mtnl	1
4.22	3
4.2390	1
4.24	1
4.25	3
4.25-5.0	1
4.30note	1
4.342313/01	2
4.4	1
4.48	3
4.5-5	1
4.50/5.00	3
4.51	3
4.53bln	3
4.5allahabad	1
4.6	3
4.67	3
4.68	7
4.70	1
4.73	1
4.734925/01	2
4.7360	1
4.783129/01	2
4.825	1
4.8296	1
4.82sbi	1
4.85idbi	1
4.872016/01	2
4.90	5
4.911818/01	2
4.915406/02	2
4.921301/02	2
4.922422/02	2
4.946422/01	2
4.949515/02	2
4.964127/03	2
4.965608/02	2
4.966708/03	2
4.970013/02	2
4.970226/02	2
4.9835	1
4.985419/02	2
4.9859	1
4.9863	1
4.988701/03	2
4.994505/03	2
4.999222/03	2
4.the	1
4/04	5
4/april	2
40	28
40,000	1
40.00	2
40.22	1
40.48	1
400	10
400-850	2
4000	2
4017	1
407.5	1
41	2
41,201	2
41,389	1
41,397	2
41,735.00	2
41,940	2
415	1
417.25	1
42	4
42,040	2
42.00/45.00	1
42.00/45.00himalayan	1
42.50	1
42.50/46.00	1
42.50/46.00himalayan	1
421.50	2
425-435	2
425-435mustard	2
43	1
43,000	3
43,569.70	2
43.00/46.00	1
43.00/46.00himalayan	1
43.50redemption	1
435.90	2
44	13
44,000	11
44,171.70	2
44,278	1
44,826.30	2
44.00	1
44.50	1
44.80coupon	1
440	2
45	22
45,000	3
45.00	1
45.4	1
450	4
450,000	1
4510.105	1
453	1
46,698	1
46,968	2
46.82	1
46.94	4
460-530	2
460-530groundnut	2
460.00	1
464.47	1
469	1
47,318	2
47,500	1
47.29	2
47.5	1
475	1
475,731	2
476,635	2
48	7
48,815.80	1
48,900	2
48.3	1
48.33	2
48.33note	1
49	4
4hindalco	3
5	37
5,000	65
5,000.0	3
5,000.002/05	1
5,000.002/08	1
5,000.003/01	1
5,000.004/04	1
5,000.004/10	1
5,000.005/07	1
5,000.006/09	1
5,000.007/06	1
5,000.008/03	1
5,000.009/08	1
5,000.00redemption	3
5,000.010/01	1
5,000.010/05	1
5,000.011/10	1
5,000.012/04	1
5,000.012/07	1
5,000.014/06	1
5,000.015/03	1
5,000.016/08	1
5,000.017/01	1
5,000.017/05	1
5,000.018/04	1
5,000.018/10	1
5,000.019/07	1
5,000.020/09	1
5,000.021/02	1
5,000.021/06	1
5,000.022/03	1
5,000.022/11	1
5,000.023/08	1
5,000.024/01	1
5,000.026/04	1
5,000.026/07	1
5,000.026/10	1
5,000.028/06	1
5,000.029/11	1
5,000.030/08	1
5,000.031/01	1
5,000.031/05	1
5,002.20	2
5,124.00	2
5,150/78	1
5,300	1
5,350	2
5,395.60	2
5,422	1
5,469	1
5,617.3	3
5-april-97	1
5.0	7
5.0-5.75	1
5.00	39
5.00/6.00	3
5.000012/03	2
5.000015/03	2
5.0020/03	2
5.02	1
5.09	4
5.0bank	2
5.15	1
5.17	1
5.18	1
5.20	1
5.25	4
5.26	1
5.2857	1
5.41grasim	1
5.43	3
5.4851	1
5.486	1
5.4860	2
5.50	6
5.61	2
5.65	2
5.69m	1
5.70	1
5.7347	1
5.73itc	1
5.75/6.50	1
5.80	3
5.82	3
5.88	1
5.9	3
5.94	1
5.95	3
5.9818	1
5.9844	1
5/01	1
5/04	6
50	42
50,000.00	2
50-share	2
50-stock	1
50.0	4
50.00	97
50/52	4
50/60	1
500	14
500,000	3
500-555	1
500-555g.nut	1
500.0	1
500.00	3
500.008/11	1
5017	1
506.90	2
51	1
51/54	2
510	3
52	2
52,595.50	2
52.5	1
52/54	3
520-540	1
520-540g.nut	1
527.70	2
528	3
53	1
53,491	1
53-54	2
53-54t.s	2
53.34	3
53/56	1
53/63	1
530	2
530/535	2
54/56	1
540-550	2
540/545	1
542	11
542-member	3
544	1
545-member	6
545-seat	9
55	20
55,200	1
55,300	2
55,550	3
55,600	1
55.1	1
55/57	1
55/58	1
55/65	1
550	2
550-600	2
550-600mustard	2
550-610	2
558	2
56,461hindalco	1
56/58	2
56/59	1
561.07	1
568	1
57	2
57.00	1
57.00/58.50reliance	1
57.40	3
57/59	2
576	2
58.00	1
58.2	1
580.35	1
5887	6
59	2
591.20coupon	1
5dr	3
5g.e	3
5g.n.f.c	3
5grasim	3
5indal	3
5s.i.e.l	3
5state	3
6	26
6,000	6
6,000-6,500	1
6,096	1
6,123	1
6,200	2
6,214.90	2
6,443	1
6,500	1
6,647.90	2
6,724.80	2
6-1	1
6.0	2
6.0-6.5	1
6.00/6.75	4
6.04	1
6.07	1
6.0agricultural	3
6.1	3
6.11	2
6.13/6.88	1
6.25	1
6.25/5.2503/05/97	1
6.27	1
6.28	2
6.3	3
6.3316	1
6.37	3
6.3834	1
6.4	1
6.43	3
6.44	1
6.45	3
6.47nestle	1
6.4819	1
6.4821	1
6.50	3
6.50/5.50	1
6.52	1
6.53	3
6.546	1
6.559	1
6.57	3
6.6	1
6.617	1
6.63/7.38	3
6.67	1
6.6820	1
6.70	2
6.74	1
6.75	2
6.76	3
6.78	1
6.79	4
6.80	2
6.8311	1
6.85	1
6.87	3
6.92	7
6.94	1
6.96	2
6.98	3
6.9814	1
6/june	2
6/may	2
60	27
60,000	12
60,000zinc	1
60,800	1
60.16	1
60.36	1
60.90	1
600	10
605	1
6096.34	1
61,000	1
61,500p.w	1
61,800	1
61.17	1
61.75	2
610	1
618	1
62,000	1
62,300	1
62,500	1
62.04	1
62.18	1
62.21	1
62.25	1
62.6	3
620	2
622.52	1
63,000h.g	1
63,300	1
63,800	1
634	1
64,000	1
64,800	1
64.5	3
640	1
640-650	2
642.00	1
645.60	2
646.50	1
647	1
648.75	2
65	10
65,000	1
65-870-3082	1
65.0	1
65.850	1
65.900	2
65.950	1
650-700	2
66	1
66.000	1
66.0013.55	1
66.12	2
66.30/66.50	1
66.35	1
66.52	1
66.55	1
66.88	1
668.00	1
67	1
67,430	2
67,700	1
67,867	1
67.00	1
67.9	1
670,000	1
674.0	1
674.013/12	1
68	1
68.9	3
680	1
680-685	2
685.00	3
69	5
69,766.80	2
69.25	1
69.54	1
69/6	1
7	14
7,000	3
7,011	1
7,030	2
7,045	1
7,066/959	3
7,096	3
7,130	5
7,170	3
7,175	1
7,210	1
7,275	4
7,275silver.916	1
7,330	2
7,345	2
7,425zinc	1
7,450	5
7,750lead	1
7,850	5
7,875	1
7,887.80	2
7,948	3
7-8	1
7-8.but	1
7-8.foreign	1
7-april	1
7-april-97	1
7.0	5
7.00	1
7.00/6.0003/05/97	1
7.00/6.0010/05/97	1
7.00/7.75	1
7.00/9.00	3
7.0309	1
7.06	4
7.10	1
7.13/7.63oppenheimer/feb	1
7.23	4
7.2303	2
7.2305	3
7.238	1
7.25	2
7.25/6.2510/05/97	1
7.25/6.2528/03/98	1
7.25/7.75	1
7.3301	1
7.34	1
7.35	2
7.40	1
7.47	2
7.5	3
7.50	1
7.50/6.50	1
7.50/8.00	1
7.50/8.00oppenheimer/feb	1
7.52	1
7.56	3
7.63/8.13	1
7.63/8.13oppenheimer/feb	1
7.63/8.38	1
7.65	6
7.6789	1
7.7282	1
7.75	1
7.75/8.50	2
7.765	1
7.77	2
7.98	6
7.98.india	1
7/april	2
7/june	2
7/may	8
70	12
70.00	2
70.72	1
70.96	1
700-850	2
700-900	2
71	1
71,528.00	2
71.00	1
71.11	1
71.2	1
71.3	1
71.88	1
710.00	3
72	4
72,000	2
72.50	1
72/74	1
722	1
725.48	1
72boric	2
72india	1
73	1
73,130	1
73,200	1
73,270	1
73,330	1
73.37	1
73.65	1
73.72	1
73/75	3
733.59	1
74/76	4
74/77	3
747.69	2
75	16
75.70redemption	1
750-780	2
750-780gur	2
750-800	1
750-800khandsari	1
750.00	1
750.00coupon	1
750.02	3
751.11	2
759.8	1
76	3
76.4	1
76.65	1
76/78	2
76/79	1
762	1
767-200	1
77/80	1
7706	1
78/80	2
780-800	3
780-800khandsari	1
789	1
79,977.40	2
79/81	1
793,000	2
795.50dollar	1
8	27
8,000	4
8,020	1
8,030.80	2
8,208.50	2
8,295	1
8,307	1
8,452	1
8,480.30	2
8,600	1
8.00	7
8.00/8.15	2
8.00/8.25	1
8.00/8.75	2
8.05	5
8.06	1
8.08	1
8.10	4
8.10/7.40	1
8.11	1
8.112	1
8.132	1
8.14	1
8.15	1
8.1776	1
8.19	10
8.2	1
8.20/7.50	1
8.2275	1
8.25	1
8.25/9.00	1
8.35	1
8.38/9.13	1
8.39	3
8.42	2
8.48	3
8.50	1
8.50/9.25	1
8.57	1
8.58	2
8.583	1
8.6	3
8.60	4
8.691	1
8.7260	1
8.73	3
8.75	4
8.76jm	1
8.86	2
8.88icici	1
8.90	3
8.90/9.40	3
8.96	1
8/04	2
80	11
80,783.60	2
80-l	2
80.550	1
80.650	1
80.670	1
80.720	1
80.80	1
800	1
800,000	3
800-810	2
800-850	2
800cc	2
803.00	1
81	1
813	4
813,800	1
82	2
82,400	1
82.10	1
82.32	2
82.33	2
827	1
83,470	1
84	2
84,570indal	1
845	1
85	2
850	2
850amonium	2
86	7
86.00/87.00jindal	1
86.13/88.13	1
86.2	3
864.2	1
87	1
87.25	1
879.8	1
87titanium	2
88	4
880	1
885	2
889	3
889.05	1
88uzbekistan	1
89	3
89,000	1
89.00/90.00	1
89.00/90.00tisco	1
89.49	1
9	29
9,000	6
9,000.00	2
9,035	3
9,464	1
9,491	1
9,505	1
9,750	2
9,900	1
9,930	1
9.0	4
9.00/9.75	1
9.06	1
9.1	1
9.1249	1
9.1250	2
9.1251	1
9.13	3
9.15	1
9.1747	1
9.2	1
9.20	3
9.2245	1
9.2246	2
9.23	1
9.2744	1
9.28	6
9.30	7
9.3242	1
9.33	1
9.3389	2
9.4.97	1
9.4127	2
9.44jm	1
9.4620	1
9.4740	3
9.48	2
9.5	1
9.50	1
9.50/9.25	1
9.5239	1
9.5359	1
9.5537	1
9.56	3
9.6098	1
9.6116	3
9.6235	1
9.6237	1
9.65	1
9.6606	1
9.7	6
9.7342	1
9.74	2
9.75/10.50	3
9.78	3
9.821	1
9.881	1
9.9	3
9.90	1
9.9376	1
9.95	1
9.9726	2
9.9727	1
9.9778	1
9.98	1
9.99	3
9/10	1
9/11	6
9/12	2
9/may	2
90	7
90.0	2
90.00	1
90.8200	1
90.8296	1
900	3
900-920	4
900/930	1
900/940	3
9000	107
904	3
91	6
91-11	22
91-11-3351006	3
91-22	1
91-22-265	95
91-22-265-9000	2
91-265-9000	1
91-day	2
91.1	3
91.5170	1
91.5629	1
91.6	1
91.60	1
91.6012	1
91.63	3
91.6395	1
910	1
910acetic	2
915/955	1
918.50	1
91day	4
92	1
92.07	1
92.25	2
92.2882	1
92.6	3
92.69	1
92.89	1
92.9463	1
920	3
921.40coupon	1
9221-5685192	1
926.25	1
93	15
93.04	1
93.50	1
93.53	1
936.10	2
94	15
94.50/95.50essar	1
94/97	1
940.00	3
95	8
95-feb	1
95.13/97.13spic	1
95.25	1
95.3370	2
95.3851	1
95.4814	1
95.5127	1
95.5261	1
95.55	1
95.8823	1
95.9302	1
95.95	1
95.9513.85	1
95.975	1
95/97	1
95/98	2
950	3
950-1100	2
950-1100sesame	2
953	1
953.50	1
958	1
958.50	2
96	8
96-feb	1
96.00	2
96.25	1
96.29	1
96.35	1
96.41	1
96.45	1
96.50	1
96.50/96.60	1
96.50/97.50icici	1
96.5570	1
96.6747	1
96.75	1
96.86	14
96.89	1
96.94	1
96.98	1
96.99	6
96/98	5
96/99	3
965	1
965.50	1
967	1
96caustic	2
97	28
97.00	3
97.12	2
97.1989	1
97.25	1
97.2837	1
97.32	2
97.3261	1
97.3402	2
97.3877	1
97.4991	1
97.52	2
97.53	1
97.54	1
97.55	1
97.56	1
97.57	3
97.59	1
97.6386	1
97.6491	1
97.69	2
97.75	1
97.78	1
97.79	1
97.84	1
97.85	1
97.93	1
970.15	1
971.15	1
98	27
98,760note	1
98.00	7
98.01	1
98.02	1
98.03	1
98.05	7
98.10	2
98.16	1
98.23	6
98.30	1
98.5	1
98.5171	1
984	1
99	21
99,310note	1
99,440note	1
99,530note	1
99,649	1
99.04	3
99.0624	1
99.2117	3
99.4510	1
99.4545	1
99.4862	2
99.5003	1
99.5038	1
99.60/10	1
99.63/13	2
99.6447	1
99.65/99.70	1
99.66/10	1
99.71/15	1
99.75/25	1
99.7670	1
99.7677	1
99.7793	1
99.7802	1
99.7900	1
99.7917	1
99.8031	1
99.8113	1
99.8195	1
99.8359	1
99.8550	1
99.8632	1
99.8755	1
99.88/38	2
99.8864	1
99.8953	1
99.9179	1
99.9247	2
99.95	1
99.96	1
99.9671	2
99.97	1
99.9712	1
99.99	2
99/102	3
991	1
991.85	1
993,000	1
997.25	1
998.30	1
999	4
999.50	2
a.k.pal	3
aa	2
aaa	2
aashish	1
abate	1
abdul	2
abdullah	1
abeyance	6
abhishek	2
abide	1
ability	1
able	14
abn	6
abroad	3
abrupt	1
abruptly	1
absence	10
absent	1
absolute	2
absolutely	2
abstain	8
abstained	2
abstaining	2
abysmally	1
accept	10
acceptability	1
acceptable	1
acceptance	1
accepted	5
accepts	1
access	2
accessing	1
acclaimed	5
accommodative	1
accompanied	3
accompanying	1
accordance	1
according	2
account	23
accountants	1
accounted	6
accounting	3
accounts	60
accounts.1	2
accpeted	2
accuracy	5
accused	1
ace	1
achieve	1
achieved	2
achievement	1
acid	7
acids	2
acknowledged	1
acquire	1
acquisition	1
acquit	1
act	11
acting	1
action	7
actions	4
active	4
activities	1
activity.the	1
acts	1
actual	6
actually	4
actuals	1
ad	3
adam	1
add	3
added	21
added.dealers	1
added.in	2
added.indian	1
added.on	1
added.parliamentary	1
added.reddy	1
added.reduced	1
added.sentiments	1
added.shah	1
added.the	5
added.tuesday	1
adding	10
addition	4
additional	11
address	4
addressed	1
addresses	3
addressing	2
adequacy	2
adequate	4
aditya	1
adjourned	1
adjustments	2
administered	1
administration	1
admitted	2
adriatic	1
advance	2
advances	1
advani	4
advantage	4
adverse	1
adversely	1
advised	2
adviser	1
advises	1
advisor	1
advisory	3
advocated	1
affairs	8
affect	8
affected	44
affecting	9
affects	1
affiliate	3
afford	4
afoot	2
afris	1
afternoon	7
aftershock	3
agarwal	4
age	1
agencies	8
agency	11
agenda	6
aggravated	1
aggrawal	1
aggregate	3
aggressive	4
agitation	1
agm	64
agmscintilla	2
agmsmithkline	2
ago	9
ago.later	1
ago.the	1
agogrowth	3
agree	9
agreed	9
agreement	11
agreements	14
agrees	1
agri	1
agricultural	4
agriculture	13
agro	4
agrotech	1
ahead	13
ahimsa	1
ahmad	4
ahmed	1
aide	2
aided	2
ailing	2
aim	1
aimed	2
aiming	2
aimtc	29
air	19
airline	7
airlines	76
airlines.growth	1
airlines.tuesday	1
airport	3
airports	4
airways	10
airways.india	4
airways.indian	1
ajay	1
ajaypal	1
ajcon	4
ajit	1
ak	2
akali	1
akopyanis	1
al	4
albright	2
alcochem	2
alembic	2
ali	4
alienate	2
aligned	4
alkalies	2
alkyl	1
alleged	1
alliance	16
alliance.congress	1
alliance.deve	1
allies	16
allies.joined	1
allocation	2
allocations	1
allotment	1
allott	1
allotted	1
allow	9
allowed	22
alloys	1
allusion	1
ally	14
ally.deve	1
alma	3
alok	2
alongside	4
alpha-117	3
alter	1
alternate	1
alternative	2
altogether.however	1
alumina	2
aluminium	16
amal	1
amalgmation	1
amazing	2
ambitions	1
ambitious	5
ambuja	7
amc	3
amendments	2
amer	2
america	5
american	1
amid	11
amines	1
amitabh	1
ammonia	5
ammonium	2
amounted	4
amounting	1
amounts	1
amritsar	1
amro	6
amusement	2
analysis	5
analyst	19
analysts	24
anarkali	1
andhra	10
andindustrial	2
andrei	1
andrew	4
angles	1
anglo	1
animal	1
animals	1
ankle	1
announce	3
announced	33
announcement	8
announcement.the	1
announcements	1
announces	2
announcing	2
annual	23
annualised	6
anshuman	4
answer	1
answers	1
anti	2
anticipated	2
anticipating	2
anticipation	1
antony	2
anuradha	2
anvarjon	1
anvil	2
anxious	1
anz	5
anzshiping	3
apex	3
apiece	1
app	1
appeal	3
appealed	4
appear	3
appeared	17
appears	5
applauded	1
apple	3
applicable	6
applicable.quantity	1
application	1
applications	5
applied	1
apply	5
appointed	3
appoints	1
appreciate	2
appreciated	1
appreciating	1
approach	3
approached	3
appropriate	1
appropriated	1
appropriation	1
approval	10
approvals	1
approve	10
approved	18
approves	1
approving	4
apr	12
apr95-feb96	3
apr95-feb96balco	1
apr95-feb96copper	1
apr96-feb97	5
april	429
aptech	2
arabia	2
arabian	4
arafat	3
aravinda	1
arcadia	3
arch	1
area	2
areas	7
areas.bank	1
argentina	1
argument	1
arguments	1
aria	3
arid	1
arise	1
arises	1
arising	1
arm	1
arming	1
army	9
arose	1
arranged	2
arrangement	3
arrangements	6
arrangements.source	1
arranges	1
arrangment	1
arrest	2
arrival	2
arrivals	31
arrive	1
arrived	6
arthroscopic	1
aruna	1
arup	1
arvind	4
ascot	3
asea	2
asean	2
ash	6
ashok	5
ashoka	2
ashoknagar	3
ashta	2
asia	9
asian	19
aside	1
ask	23
asked	41
asking	4
asks	1
asks.independent	1
asom	1
aspects	1
assess	4
assessment	2
asset	4
assets	3
assigned	2
assist	4
assocham	1
associated	6
associates	3
association	8
association.small	1
association.trade	1
associations	4
assumed	1
assumes	1
assumption	1
assurances	2
assure	1
assured	1
astle	1
astromar	2
atta	1
attache	3
attaches	1
attack	2
attempt	2
attempts	3
attendant	1
attention	15
attract	2
attracted	2
attracting	1
attractive	2
attractive.stc	1
auckland	1
auction	9
auction.dealers	1
auction.the	1
auctions	2
auctions.surging	1
aug	18
augment	1
august	5
australia	2
australia.the	1
australian	3
authenticity	1
authorisation	5
authorised	9
authorities	5
authority	4
auto	8
autonomous	1
avadhoot	1
availability	2
available	12
available.prices	1
availablegbp	3
average	14
avert	2
aviation	53
aviationthe	1
avoid	5
avoidance	3
avoided	1
avr	1
await	1
awaited	2
awaiting	6
awasthi	9
away	3
awry	1
ayub	5
b	17
b&k	2
b.c.chatterjee	3
b767-300	1
backed	5
backing	4
backstate	1
backtrack	1
bad	6
badiyah	3
badly	2
badnavar	2
bag	5
bagdi	3
bagged	1
bags	5
bahrain	2
bahujan	1
bajaj	2
bajra	1
bakri	2
balaji	1
balance	31
balance.regardless	1
balanced	4
bale	2
bales	13
ball	2
baltic	2
ban	4
band	7
bangalore	9
bangladesh	1
bank	186
bank.for	5
bankers	1
banking	13
bankruptcy	2
banks	40
banks.the	1
banned	4
banner	3
banque	8
bansal	1
bar	1
barclays	10
bargain	5
baring	1
barings	6
barley	1
baroda	2
barred	5
barren	2
barrier	1
barriers	1
bars	2
barytes	1
basavesvara	2
base	8
base.daewoo	2
based	25
bases	2
basic	6
basis	8
basket	3
basmati	2
bata	2
batabyal	1
batliboi	1
batsman	1
batsmen	1
battle	7
bayer	4
bb	3
bbb	8
beamed	2
bear	6
bearish	1
beat	4
beating	1
beautiful	1
bedi	5
beecham	2
beechem	2
beena	3
began	21
begin	2
beginning	2
begun	6
behalf	1
believe	8
bellwether	1
belt	1
beltron	3
benchmark	15
beneficial	1
beneficiary	1
benefit	3
benefits	1
bengal	6
berger	1
berjaya	2
berth	3
berthing	40
berthingschedule	3
berths	1
best	4
betala	4
better	5
bg	1
bgml	2
bhagwan	1
bharadwaj	2
bharat	10
bharati	2
bharatiya	33
bhartiya	1
bhatia	2
bhatinda	1
bhavnagar	1
bhel	15
bhubaneshwar.truck	1
bhuvan	2
bicarb	2
bid	28
bidders	3
bids	10
bids04/04	1
bifr	1
big	6
biggest	6
bihar	5
bilateral	5
billets	4
billion	149
billion.nasscom	2
billion.the	1
billiondewang	2
billions	4
bills	27
bills.government	2
bills91	4
bin	12
bindra	2
birla	12
biscuit	2
biscuits	1
bit	2
bitter	1
biznis@giasbm01.vsnl.net.inreuters	3
bjp	85
bjp.bjp	3
bjp.one	1
bk	3
black	3
blackfor	3
bleaching	2
bliss	2
bln	59
blncurrent	3
blnthe	1
blntrade	3
block	1
blocked	3
blocking	6
blocks	3
blowing	1
blue	6
bluff	1
board	14
boardin	1
boards	3
boasts	1
bodies	3
body	6
bogged	1
bold	1
bomaby	1
bombay	244
bombay.india	1
bombay.industry	2
bombaythe	1
bombshell	3
bond	13
bonds	9
bonds.source	2
bonus	18
bonuses	1
booking	10
books	2
boom	1
booming	2
boon	2
boost	12
boosted	2
borrower	2
borrowers	9
borrowing	4
borrowings	8
bought	7
bounce	4
bounced	5
bound	11
bourse	13
boursedespite	1
bourses	1
bout	3
boveri	2
bow	3
bowl	1
bowler	1
bowlers.dykes	1
bowling	1
bpcl	1
bpt	3
brackets	1
branch	1
brand	1
brave	1
break	20
breaking	7
breakthrough	1
breweries	3
briefing.shah	1
briefly	1
brightened	1
brim	1
bring	4
bringing	2
britain	6
british	5
brm	1
broad	7
broke	2
broker	5
broker.hong	1
brokerage	12
brokering	1
brokers	23
brokers.the	1
broking	4
brooke	1
brothers	1
brought	4
brown	3
bryan	1
bse	15
bses	2
bsesn	1
buck.millennium	2
budge	2
budget	223
budget.the	1
budget.they	1
budgetary	6
budgetindustry	1
budgetprospects	1
buffalo	2
buffer	5
bug	4
build	12
building	1
built	2
buli	1
bulk	15
bull	4
bumper	1
bunch	4
bunder	3
bunker	8
bunkering	1
buoyancy	1
burden	1
burns.india	1
bus	2
buses	2
business	57
businesses	2
businesses.littlewoods	1
busy	1
butadiene	3
butane	6
buy	18
buyer	1
buyers	6
buyers.the	1
buying	44
buying.call	1
buys	3
bwng.l	1
byzantion	2
bzl	1
bzw	3
c	65
c.c.rod	1
c.c.rods	3
c.in	1
c.payment	1
c.rods	2
cabinet	22
cable	3
cadbury	2
cairns	2
cal.carbide	6
calcutta	8
calendar	1
called	16
calm	1
came	5
camp	4
campaign	4
can't	2
canara	5
cancellation	1
cancelled	6
candidate	8
candy	5
canexpo	2
canpep	2
canpremium	2
canstar	4
cantriple	2
cap	3
capacity	13
capel	11
capita	4
capital	46
capital.but	1
capital.companies	1
capital.currently	1
capital.he	2
capital.icici	1
capital.it	1
capital.south	1
capitalapril	1
capitalisation	3
captain	1
car	18
carat	5
carbon	2
card	2
cards.the	1
care	22
caretaker	2
cargo	21
cargoes	1
carlton	1
carr	6
carried	4
carrier	3
carrier.the	1
carriers	3
carriersthe	1
carry	6
carrying	1
cars	17
cartoon	2
case	9
cases	3
cash	11
cast	3
caste	2
castorseed	6
castrol	2
casualty	1
catalyst	1
categorise	1
cater	2
caterina	1
cathod	1
cathode	1
cathodes	3
caught	4
cause	1
caused	3
causing	2
caustic	3
caution	4
cazenove	6
ccps	1
cd	5
ceat	1
cec	1
ceiling	2
ceiling.under	1
ceilings	1
cellular	2
cement	13
cements	1
cemtex	2
central	21
centrality	2
centre	15
centres	12
centrist	1
centrists	2
cents	6
centurion	1
century.but	2
certain	4
certificate	2
certificates	1
cesc	1
ceylon	1
ch.nermai	2
ch.veeram	1
chained	2
chains	1
chairman	17
chakki	1
challenge	3
chamber	6
chamber.if	2
chambers	8
champions	3
chance	2
chances	3
chand	2
chandrababu	1
chandulal	2
change	22
change.the	2
changed	4
changes	7
changing	4
channelise	1
chaos	3
chaos.analysts	2
chapman	1
character	1
charge	12
charged	5
charges	3
chartered	7
chasescici	3
chaturvedi	5
cheap	1
check	3
checked	1
cheered	2
chem	9
chemfab	2
chemical	2
chemicals	34
chi	1
chidambaram	25
chief	29
children	2
china	1
chinese	1
chips	6
chloride	2
choice	1
choithani	1
choose	1
chopped	3
chopra	9
chowk	1
chris	2
chuan	3
chunk	1
cielo	4
cii	3
circles	2
circular	1
circulated	2
circumstances	1
cited	3
citibank	5
cities	4
citing	3
city	7
civil	34
claim	9
claimed	1
claims	1
clarence	2
clarification	2
clarifies	1
clarity	1
class	2
classification	1
classified	2
claw	5
clawed	1
clear	10
clearance	1
cleared	3
clearedthe	1
clever	1
client	3
clients	1
clients.analysts	2
climate	3
climb	3
climbed	1
climbing	3
climbs	1
clock	2
clogged	1
close	57
close.analysts	1
close.the	1
closechemicals	2
closed	39
closes	2
closing	8
closinggold	1
cloudthe	1
cloudy	2
clydebank	2
cm	5
co.april	2
coal	16
coalfield	1
coalfields	2
coalition	89
coalition.but	1
coalition.congress	2
coalition.deve	1
coalition.on	2
coalition.prime	1
coalition.the	3
coalitions	1
coast	7
coates	4
cobbled	1
cochin	8
coffee	1
cohesive	1
coils	7
coincided	1
coke	1
coking	4
colaition	1
colgate	2
collaboration	4
collapse	2
collapsed	1
collared	1
collection	1
colman	2
colombo	8
colonial	3
combat	1
combination	1
combined	3
come	35
come.he	1
come.kampani	1
comes	6
comfortable	3
coming	14
comm	2
command	3
commands	3
comment	2
comment.the	1
commentary	1
comments	1
commerce	20
commerce.if	1
commercial	26
commission	1
commissioner	2
commitment	1
commitments	2
committed	2
committee	24
committee.congress	1
committees	1
commodities	25
commodity	23
common	5
commun	2
communal	1
communalism	1
communalism.the	1
communicated	1
communication	3
communist	9
communists	2
communists.but	1
community	2
companies	46
companies.fii	1
companies.the	2
company	92
comparative	1
compared	22
compensate	1
compete	5
compete.daewoo	2
competition	2
competition.in	2
competition.the	2
competitive	9
compilation	2
compiled	12
complaining	2
complaint	6
complement	1
complete	1
completed	2
completeness	2
completion	1
complex	6
comply.batabyal	1
component	2
components	2
compounded	1
compromise	3
comptech	2
computer	4
computers	6
concentrate	1
concentrated	1
concentrating	1
concern	6
concerns	3
concert	1
concerted	1
conclusion	2
concrete	4
condition	4
conditions	5
conducive	2
conference	13
conference.daewoo	2
conference.financial	1
conference.he	2
confidence	107
confidence.by	2
confident	7
confirm	1
confirmed	3
confirming	2
conflict	1
conform	7
conforming	1
confusing	2
congestion	2
congress	265
congressin	1
congressmen	5
connect	1
connected	1
connection	3
connectors	2
conquest	3
consecutive	1
consensus	13
consequences	1
consider	9
considerably	1
consideration	2
considerations	2
considered	12
considering	3
considers	2
consortium	2
const	2
constituent	4
constituents	2
constituted	3
constitutional	2
construction	2
constructive	2
consult	1
consultant	4
consultants	2
consultations	1
consumer	12
consumers	3
consuming	2
consumption	7
consumption.in	1
cont	4
contact	6
contacted	1
contain	1
container	6
containerised	1
containers	27
containing	2
contains	1
contemporary	2
contest	2
contest.the	1
contestthe	1
contingent	1
continous	2
continue	28
continue.and	1
continued	12
continues	13
continuing	1
contract	2
contracted	9
contracters	1
contractor	1
contractors	2
contracts	7
contrary	2
contrast	1
contrasted	2
contribute	9
contributed	5
contributes	1
contributing	1
contribution	2
contributions	10
contributors	1
control	12
control.around	2
controlled	1
controls	16
controversial	1
conv	6
convene	5
convenor	1
conversion	14
converted	2
convertible	28
conveyed	1
convinced	1
cook	2
cooperation	9
cooperative	3
coordination	3
cope	2
copper	19
cordial	1
core	4
corp	28
corpn	2
corporate	22
corporates	8
corporation	35
correct	3
correcting	2
corrects	1
cos	2
cost	16
cost.the	1
costing	1
costs	10
cotton	36
cotton.traders	1
council	1
councillor	1
countdown	1
counterpart	6
counterparts	3
counters	3
countries	17
countries.he	1
countries.india	1
countries.the	1
countriesthe	1
country	51
country.but	1
country.in	1
country.the	2
countrywide	1
couple	3
coupled	2
coupon	13
course	11
courses	2
court	5
cover	3
coverage	2
covered	3
covering	6
covers	1
cp	2
cps	3
cra	3
cracked	1
craig	2
crashes	2
creaking	1
create	5
creating	1
credentials	1
credit	42
credited	1
creek	1
crept	1
cricket	5
criminal	2
crippled	17
crippling	2
crisil	8
crisis	77
crisis.a	1
crisis.asked	1
crisis.prime	3
crisis.the	1
crisisnotwithstanding	1
criteria	1
criterion	1
crop	18
crop.the	1
crop.virmani	1
crops	3
cross	1
crowded	1
crucial	18
crucial.madras	2
crude	6
csfge	3
cst	7
cubic	1
cubicle	1
cubicles	2
cultural	1
cumulative	9
cup	5
currencies	1
currency	10
current	29
currently	17
currie	3
curtail	1
curve	1
customer	1
customers	3
customs	5
cut	9
cuts	4
cuttack	1
cutting	8
cycle	2
cyclical	1
cyclopus	3
d	11
daewoo	33
daga	4
daily	11
dal	3
damage	2
daman	3
damani	1
dampen	2
dampener	1
daniel	5
dark	1
data	15
date	34
dated	8
dates	3
davis	2
daxing	1
day	88
day.bombay	1
day.infosys	2
day.the	1
daya	3
dayal	14
dayer	1
days	48
days.non	1
days.operators	1
dbs	1
dcm	13
dcw	1
ddb	1
deadline	4
deadlock	3
deadlock.further	1
deal	15
dealer	39
dealer.he	1
dealer.the	2
dealer.transport	1
dealer.with	1
dealers	72
dealership	7
deals	6
deb	2
debate	1
debenture	10
debentures	11
debentures2	2
debt	19
debtthe	1
dec	3
deccan	1
december	19
december.the	1
decemeber	1
decide	8
decided	19
deciding	1
decision	42
decision.he	1
decisions	2
declare	3
declaring	3
decline	5
declined	2
decrease	1
dedicated	2
deep	3
deepen	2
default	2
defaults	1
defeat	4
defections	1
defence	5
defend	1
defended	1
defer	2
deferred	5
deficit	7
definitely	8
defuse	4
defused	2
delamuraz	1
delay	6
delayed	5
delaying	1
delays	1
delegation	1
delhi	87
delhi.on	1
delhi.pakistani	1
delhi.the	2
delhitime	2
deliver	2
delivered	1
deliveries	3
delivery	51
demand	34
demanding	5
demands	9
democracies	1
democratic	3
demonstrated	2
demurrage	1
dena	2
denied	1
denies	1
denounced	1
denro	4
deny	1
deora	2
department	8
department.rao	1
depend	1
depended	1
dependent	2
depends	4
deploy	3
deportees	1
deposit	4
depositary	10
deposits	6
depots	2
depreciation	1
depressed	1
deprived	1
depth	1
deputies	13
deputy	1
deregulation	1
desai	2
desam	1
described	2
description	2
deserted	1
deshi	5
desi	2
desire	1
desk	12
despatch	1
desperate	2
despite	23
despondent	1
details	4
deter	1
deteriorated	1
deteriorating	1
determine	4
determined	2
determines	1
determining	1
deutsche	4
dev	5
deve	164
develop	2
developer	1
development	8
developments	6
devendra	3
devolvement	1
dewas	3
dfhi	7
dhabi	1
dhaiya	2
dhar	3
dharamsi	2
diagnostics	2
dialogue	3
did	19
diesel	6
difference	1
differences	4
difficult	4
difficulties	1
difficulty	1
dil	1
diligence	1
dilip	4
dioxide	2
dip	3
dipak	3
dipped	1
dips	2
direct	9
directed	1
direction	1
direction.the	1
directive	1
directly	6
director	15
directors	7
disagreement	2
disappointed	2
disarray	1
disastrous	2
discharge	2
dischargeldd	3
disclaimer	2
discount	7
discuss	15
discussed	9
discussing	2
discussion	1
discussions	3
disease	1
disinvest	1
dismal	2
dismayed	1
dismissed	1
displaying	1
disposal	2
dispute	4
disputed	2
disrupted	1
distant	2
distribution	3
distributors	2
districts	1
disturbed	1
divert	1
diverted	2
divest	1
divestment	2
dividend	131
dividends	1
dividendstar	2
division	1
dk	2
dn	3
do.india	2
dock	1
docks	4
dockskd	3
documentation	1
documents.the	1
does	15
dollar	34
dollar.dealers	1
dollar.q	1
dollars	12
domestic	67
donations	1
donors	2
door	2
dosing	1
dot	2
dot.india	1
double	3
doubled	2
doubling	1
doubt	1
doull	1
down.reliance	1
downgraded	1
downstream	1
downward	4
dozen	3
draft	1
dragged	4
dragomiresti	3
drags	1
drama	1
drastic	1
dravida	1
draw	2
drawing	1
drawn	1
dream	1
dresdner	4
drew	4
drift	4
drive	1
driven	2
driving	1
drop	7
dropped	10
droppedthe	1
dropping	1
drops	5
dross	3
drove	2
dry	2
drying	1
dsj	1
dual	1
duckling	1
dues	1
dugar	2
dull	7
dulls	1
dun	4
duties	1
duty	3
dvor	1
dykes	4
dynamic	1
e	5
e.merck	2
eagle	1
earlier	31
earlier.an	1
earlier.it	1
early	19
earn	2
earning	3
earnings	4
earth	2
eased	3
easedexternal	1
easier	1
easily	3
easing	1
east	2
easter	4
eastern	6
easy	3
ebb	2
ebb.supplies	2
ecb	7
ecbs	5
eccentrics	2
echelon	1
eclipse	1
economic	35
economics	1
economist	4
economy	17
economy.but	1
edge	2
edged	1
edible	8
editorial.deve	1
eds	1
education	3
effect	12
effected.it	1
effective	6
effectively	1
effectiveness	2
effort	6
efforting	1
efforts	7
egm	9
ego	1
eica	1
elaborate	1
elan	1
elected	2
election	2
elections	27
elections.both	1
elections.congress	1
elections.leaders	1
electoral	5
electorate	1
electric	4
electrical	5
electricals	4
electricity	2
electronic	2
electronics	2
element	1
elephants	4
eligibilty	1
eligible	1
eliminate	1
elversele	1
embassies	1
embattled	8
emerald	1
emerge	1
emerged	7
emerges.asked	1
emerging	2
emphasised	2
employed	1
employees	4
employs	3
empowers	3
enable	5
enabled	1
enclosures	1
encourage	1
encouraging	2
end	39
endangered	1
ended	35
ending	1
ends	2
energy	3
eng.may	2
engaged	1
engg	2
engineering	6
engines	3
engulf	1
engulfed	2
enhanced	4
enhancedfrom	1
enhancement	3
enjoying	2
enormous	2
ensnared	4
ensure	10
ensuring	5
enter	2
entered	4
enterprises	2
entertaining	1
enthusiasm	1
entire	10
entirely	2
entities	1
entitled	1
entitlement	1
entrepreneurs.makboul	1
entrepreuners	1
entry	5
environment	1
envisaged	2
envisages	2
epc	2
equal	3
equipment	7
equipments	1
equipped	2
equities	8
equity	60
equivalent	1
erect	1
erosion	1
errors	4
erstwhile	1
erupted	1
escape	1
escaped	1
escorts	1
especially	3
essential	21
establishments	1
estate	2
estimate	5
estimated	15
estimated.food	2
estimated.in	1
estranged	1
eternit	2
euphoric	1
eurobond	1
euroconvertible	1
europe	2
european	6
eva	2
event	4
eventually	2
ever.but	1
ever.hopes	1
ever.the	1
ever.waiting	1
everest	2
everybody	1
evident	1
evoked	3
evolved	1
evolving	2
ex	14
examine	1
examined	2
example	1
examples	1
exceed	1
exceeding	3
excellent	2
excess	4
exchange	76
exchange.amidst	1
exchange.brokers	1
exchange.icici	1
exchange.lack	1
exchange.the	1
exchange.truckers	1
exchanged	1
exchanges	4
excise	3
excluding	1
exclusive	1
exclusively	1
execute	4
executive	14
exemption	1
exemptions	1
existing	6
exotic	1
expand	2
expatriate	1
expatriates	1
expect	20
expectataions	1
expectation	4
expectations	7
expectationsbhel	1
expected	42
expecting	8
expects	9
expenditure	1
expenditures	1
expense	4
experience	1
experimental	1
expert	1
expertise	3
experts	6
exploded	2
explore	6
exploring	7
explosives	2
export	28
export.rapeseed	1
exported	6
exporter	1
exporters	10
exports	34
exports.india	1
expose	1
express	7
expressadamant	1
expressdcm	1
expressed	3
expressexchange	1
expressstate	1
extant	1
extend	1
extended	1
extent	3
external	10
extra	8
extraction	7
eyes	2
f	3
f-414	2
face	40
faced	8
faces	11
facilitate	2
facilitation	1
facilitator	1
facility	5
facing	8
fact	3
factor	9
factories	4
factors	12
factory	1
faded	1
fagaras	2
failed	8
failing	1
fails	4
failure	2
fair	1
fairyland	2
fall	23
fallen	3
falling	3
falls	3
faltered	1
faltering	1
familiar	1
family	1
far	20
far.analysts	1
fares	1
faridabad	1
farm	1
farmers	8
fas	6
fast	3
fate	17
favour	6
favourite	1
fax	12
fcd	2
fcds	2
fd	43
fdi	2
fear	4
feared	1
fears	9
feasibility	7
feasible	4
feasible.according	1
feasible.omani	1
feb	15
february	46
february,1997	4
federal	23
federalism	1
federation	6
fee	1
feel	1
feelers	1
feeling	4
feels	1
fees	3
feliz	1
fell	19
felt	1
feng	1
fernandez	2
ferro	1
ferrous	4
fertiliser	11
fertilisers	9
fertilizers	2
fetch	2
fever	1
fewer	1
ficci	2
fields	1
fight	2
fighting	4
figure	4
figure.ongc	1
figures	20
fii	9
fiis	25
fiis.state	1
file	3
filed	2
filled	1
filling	1
film	2
fin	5
final	20
finalisation	14
finalise	5
finally	3
finally.it	1
finance	80
financed	1
financial	64
financing	1
findings	1
fines	1
finished	3
finlease	2
finolex	1
firm	46
firm.and	1
firm.castor	1
firm.newspapers	1
firm.soymeal	1
firm.the	1
firmed	6
firms	24
firms.1	1
firms.the	1
fis	7
fiscal	18
fisheries.indian	1
fisheries.the	1
fit	1
fiumincino	1
fix	1
fixed	6
flag	1
flavour	1
fleming	21
flexibility	3
flexible	1
flights	1
floating	8
floor	1
floppedrealising	1
flow	2
flower	1
flowing	1
flows	1
fluctuated	1
fluctuation	1
fluctuations	1
flush	2
flux	1
fly	1
flying	2
focus	12
focused	1
focussed	1
foe	2
foes	3
folengandros	2
followed	11
following	65
follows	4
food	5
foodgrain	1
foodgrains	1
foods	6
football	1
foray	1
forbade	2
forbes	1
force	2
forced	3
forces	3
forcing	3
ford	2
forecast	5
forecasts	1
foreign	143
foresee	2
foresight	1
forex	4
forge	3
forgive	1
form	18
form.a	1
formal	3
formalities	1
formed	4
forming	7
forms	1
formula	2
formulated	1
formulating	1
fort	1
forthcoming	2
fortnight	3
fortune	4
forum	1
forward	55
forwardpremia	2
fought	6
fourth	8
fractious	1
frame	1
frame.i	1
framing	1
franc	1
france	2
franchise	2
frank	2
frb	1
free	17
freed.ahimsa	1
freedom	2
freemans	2
frenzied	1
frenzy	1
frequently	1
fresh	19
freshly	1
friday	74
friday.gujral	2
friday.in	1
friday.the	5
friendly	15
friends	3
frn	1
front.pti	1
fruitful	1
frustrated	1
fuel	11
fuelling	1
fuels	1
fuji	2
fulford	2
fully	12
fun	1
functioning	1
fund	60
fund.the	1
fundapril	2
funds	27
funds.dealers	1
furnishing	1
futur	3
future	11
future.the	1
g	2
g.flight	6
gadgil	12
gain	8
gained	7
gainers	1
gaining	6
gains	14
gamble	1
game	1
gana	1
gandhi	1
ganesh	1
gap	2
garg	2
garland	3
garware	1
gas	22
gather	1
gathering	1
gauge	1
gauntlet	1
gave	4
gavin	1
gaz	1
gbp41	3
gbp75	3
gbp84	3
gdp	10
gdr	24
gdrarvind	1
gdrs	4
gear	2
gearboxes	2
geared	1
gearing	2
gen	13
general	32
generale	5
generalledger	1
generally	4
generated	1
generation	1
geo	1
gets	6
getting	8
ghani	4
giacianta	2
giant	2
giants	1
gic	2
gill	3
gilt	2
gilts	10
giltson	2
ginned	5
ginners	1
ginning	1
gios	1
given	18
gives	1
giving	1
gk	3
glaxo	2
gleefully	1
global	36
globally	1
gloom	4
glorious	1
glut	1
gms	1
gmt	5
go.officials	1
goa	7
god	1
godown	6
godowns	2
goetze	2
gohar	3
goi	226
goi05	2
goi13.25	1
goi97	2
going	17
gokak	1
gold	19
goldcrest	1
golden	3
goman	1
gomantak	1
gone	9
good	22
goodricke	2
goods	41
goods.the	9
goods.traders	1
goodyear	2
gordon	3
gostini	1
got	1
governing	1
government	315
government.also	1
government.brokers	1
government.congress	1
government.growing	2
government.in	2
government.india	1
government.pakistani	1
government.politicians	1
government.president	1
government.reliance	1
government.the	3
government.traders	1
government.united	2
government.while	1
governments	6
governments.kesri	1
governmentsecurities	1
govett	1
govind	2
govt	1
gowda	180
gowda.hong	1
gowda.importers	1
gowda.in	1
gowda.reddy	1
gowda.they	1
gowdathe	1
gr	3
grab	2
gracefully	1
grades	1
gradual	2
gradually	1
grain	4
grains	1
gram	1
gramme	4
grammes	3
granite	3
grant	1
granted	1
granular	2
granulated	2
grasim	2
great	6
greece	3
green	2
grenade	3
grew	2
grievances	1
grinding	3
grindlays	5
grip	1
gripped	1
grips	2
grobnic	3
gross	4
ground	17
groundinggrounding	1
groundnut	5
grounds	3
group	31
group.the	1
grouping	1
groupings	1
groups	8
groups.deve	1
growing	5
growth	31
growth.in	1
gsa	1
gstc	6
guarantee	2
guarantees	1
guerrillas	1
guidelines	10
guiding	1
guj	2
gujarat	16
gujral	20
gulf	14
gur	4
gus.l	1
guwar	1
gwalior	1
h.d.deve	1
haidar	2
half	27
halftime	2
halt	12
halved	1
hamper	1
hand	7
handful	2
handle	1
handling	1
hands	3
hang	1
happen	2
happened	2
happening	2
harbour	3
hard	1
harden	1
hardly	1
hari	2
harkishan	2
harm	1
harris	1
harvest	5
harvested	1
harvesting	1
harvests	1
haryana	7
hastily	1
hasty	1
hatpipliya	3
having	4
hayder	2
hcl	2
hd	71
hdfc	4
he'll	1
head	10
head.at	1
headed	4
heading	3
headline	1
headquarters	1
heads	1
headstart	2
headway	2
health	1
healthcare	2
hear	1
hearings	1
heath	2
heavily	6
heavy	21
hectic	4
hedge	1
hedging	2
hefty	2
held	34
held.the	1
help	20
helped	9
helping	3
herbert	3
heron	3
hesiod	1
hesitant	1
hesitation	1
hg	3
hgml	2
high	31
higher	27
highest	12
highlight	1
highly	2
highs	1
highway	2
hike	13
hiked	3
hikedthe	1
himachal	1
himalayan	3
himalyan	1
hind	2
hindalco	2
hindering	1
hindu	25
hinduja	2
hindujassumitomo	1
hindus	2
hindustan	20
hinting	3
hired	1
history	1
hit	16
hitachi	6
hits	1
hitting	4
hk	1
hll	1
hoare	1
hoc	1
hocs	2
hold	40
holders	1
holding	10
holdings	5
holds	5
holed	2
home	11
hong	8
hongkong	4
hope	6
hoped	3
hopeful	4
hopes	17
hoping	1
horne	1
hospital	2
hospitals	1
hostage	7
hot	1
hotel	3
hotels	8
hour	1
hours	3
house	50
house.on	1
housing	2
hpcl	5
hr	2
hsbc	4
hsd	36
htl	3
hub	2
hue	2
huge	4
humiliating	1
hundreds	1
hung	3
hurdles	1
hurl	1
hurriyat	1
hurt	2
huts	2
hutti	1
hydel	4
hyderabad	1
hydro	4
hydrological	1
hzl	4
i'm	4
i.m.vijayan	1
ibrahim	7
icai	1
icar	2
icc	3
icd	2
icds	2
icici	14
icrisat	1
id	58
idbi	7
ideal	1
identified	8
identified.batabyal	1
ideologies	1
ii	12
iii	11
ill	1
immediate	5
immediately	1
imminent	1
impact	8
impart	1
impasse	2
impasse.reliance	1
impetus	1
implementation	3
implemented	6
implementing	2
implements	1
import	27
important	7
imported	12
importer	1
importers	1
imports	21
imports.according	1
imposed	2
imposition	3
impossible	1
impound	1
impractical	1
imprisoned	1
improve	4
improved	8
improvement	2
improving	1
in.but	1
inability	1
inadequate	1
incest	1
inched	1
include	4
included	3
includes	2
including	16
income	17
inconclusive	3
incorporates	1
increase	21
increased	13
increasingly	3
incur	1
incurred	2
ind	11
indefinite	8
independence	5
independent	4
independents	1
inder	10
index	118
index.the	1
india	451
india'smadras	1
india.a	1
india.groundnut	1
india.he	1
india.the	1
indiadated	4
indiafate	1
indian	205
indians	12
indiapolitical	1
indiaunited	1
indicated	5
indicates	10
indicative	42
indicators	3
indices	1
indira	5
indirectly	5
individual	2
indo	1
indonesia	2
indore	1
indosuez	1
indsutrial	1
indusind	1
industrial	22
industrialists	1
industries	57
industriescorporation	2
industriesdevelopment	1
industry	75
industry.he	1
industry.makboul	1
industrythe	1
inevitable	1
infect	1
inflation	3
inflow	5
inflows	10
influence	2
influential	1
informal	3
information	21
informed	1
infosys	14
infosys.shares	1
infrastructure	14
infusion	1
ingot	2
ingots	1
initial	3
initially	3
initiated	2
initiatives	1
inject	1
injected	1
injury	1
inland	1
inquired	2
insanity	1
insilco	2
insisted	2
inspired	1
inspite	1
installed	3
instance	1
instead	4
instititutions	1
institute	2
institution	2
institutional	19
institutions	17
institutionsthe	1
instruction	1
instrument	6
instruments	2
insurance	58
insurgency	1
intact	1
integrated	1
intellectual	1
intending	1
intensive	1
intention	2
inter	5
interaction	1
interactions	1
interested	3
interesting	2
interestrahil	2
interestsmithkline	2
interestv.b	2
interim	20
interior	2
interlinked	5
intermediaries	2
internal	4
international	38
international.earlier	1
internationals	1
internationalsoccer	2
internet	3
intervene	9
intervened	1
intervention	3
interview	3
interview.the	2
interviewed	1
intl	3
intra	1
introduce	1
introducing	2
inventories	3
inventory	4
invest	9
invested	1
investigations	1
investigations.other	1
investing	1
investment	70
investments	16
investor	10
investor.but	1
investors	56
investors.india	1
invitation	3
invited	1
invoice	1
invoke	3
invoked	1
involve	1
involved	2
involves	1
involving	1
ioc	11
ipcl	2
ir	1
iran	1
iraq	2
iris	3
iron	11
irrespective	6
irrevocable	1
irrigat	3
islamabad	2
islamabad.but	1
isma	6
ispat	3
issue	54
issue.it	1
issued	2
issuer	6
issuers	3
issues	12
issues.a	1
issues.qaboos	1
issuesfrb	2
issuing	1
ist	8
it.according	2
it.he	1
it.the	1
italy	3
itc	2
item	3
items	1
itemsbolla	1
iti	2
ittehadul	1
itw	2
j	1
j.fleming	6
j.henry	3
j.m.baxi	17
j.n	1
jag	17
jain	2
jaipal	7
jaipur	2
jakarta	1
jalandhar	1
jalgaon	1
james	11
jammu	8
jams.discharge	1
jan	6
janata	36
janatha	1
january	8
japan	12
japanese	5
jardine	7
jargon	2
jasdic	2
jaspal	1
javar	2
javeri	2
jawaharlal	1
jaya	1
jayasuriya	1
jaye	2
jbm	1
jceai	1
jean	1
jena	12
jeopardised	1
jeopardy.at	1
jeopardy.but	2
jet	7
jharia	2
jharkhand	1
jiang	3
jindal	2
jittery	1
jk	3
jm	22
jnpt	6
job	5
job.kesri	1
jockey	1
jockeying	1
johannesburg.air	1
johri	1
join	3
joined	1
joining	1
joint	20
jointly	1
joshi	1
jowar	1
jp	1
jul	10
july	13
july.makboul	1
jumbo	1
jump	6
jumped	4
jumps	3
jun	4
june	38
june.deve	1
june.the	1
jungle	1
just	15
jute	1
k	2
k-68	2
ka	2
kabilan	2
kalamboli	1
kaluwitharana	1
kalyan	5
kalyani	1
kamgar	1
kampani	5
kanaiya	2
kandla	6
kanva	3
karachi	2
karnataka	3
karunakaran	2
karur	1
kashmir	18
kashmir.pakistan	1
kashmir.the	2
kashmiri	2
kazhgam	1
kbs	2
kca	3
kcc	1
kd	79
keen	6
keenly	3
keeping	4
kept	30
kerala	3
kerb	2
kerosene	4
kesri	51
kesri.bjp	1
key	30
kg	79
kg.in	2
kgs	2
khachrod	3
khalif	1
khan	9
khandwa	3
kids	2
kidwai	2
killed	2
kind	4
kingdom	2
kiruba	2
kisan	1
kishin	1
kl	2
km	4
knee	1
knew	1
knoll	2
know	3
known	2
knows	2
kodak	2
kong	7
kong.raha	1
korea	8
kotak	1
kotaria	2
kpmg	2
kr	6
kranti	1
kribhco	3
krishak	2
krishan	1
krishna	1
krone	2
kumar	16
kuwait	7
l	6
l.c.raheja	4
lab	2
laboratories	6
labouring	1
labs	3
laced	2
lack	7
lacklustre	4
lahore	1
laithshihab	1
lakshmi	1
lal	3
laloo	2
land	2
languished	4
lanka	4
lanka.all	1
lankans	1
large	12
largely	4
larger	1
largest	18
larsen	4
lashed	1
lasted	2
late	10
later	26
latest	6
launch	18
launched	25
launches	1
law	4
lawmakers	7
lawmakers.the	2
laws	1
laxmi	1
ld2	2
ldd	73
lead	21
leader	30
leaders	37
leadership	5
leading	16
league	1
lease	4
leasing	2
leasing.brokers	1
leave	1
leaving	2
led	8
ledger	1
leela	1
left	9
leg	2
legal	1
legislators	3
lehman	1
leisure	2
lend	2
lenders	2
lending	8
lengthy	1
let	10
lethargy	1
letter	3
level	14
level.it	1
level.the	1
levels	13
levels.the	1
lever	7
levied	5
levies	1
lexicon	1
leyland	8
liabilities	1
liability	3
liaison	2
liberalisation	5
liberalised	2
liberty	2
licence	1
licences	1
licencesreliance	1
license	2
licensees	1
lie	4
life	3
life.his	2
lift	2
lifted	4
lifts	1
light	16
like	5
likely	23
likelythe	1
limit	14
limited	21
limited.in	1
limiting	7
limits	9
line	12
linerail	1
lingered	2
linked	7
linking	4
lion	1
lipton	1
liquid	8
liquidated	2
liquidity	10
liquified	1
list	7
listed	3
listing	3
little	8
littlewoods	10
lives	2
living	1
lk	3
lloyds	2
lme	2
lmt	1
load	4
loading	33
loan	3
loans	6
lobbed	1
lobbied	2
lobbying	2
local	28
located	2
locked	2
loco	2
lodder	3
lodged	1
logs	2
lok	18
london	17
long	35
longer	3
longs	2
look	5
looking	11
looks	3
looming	4
loosely	1
loosing	1
lose	2
loses	1
losing	2
loss	11
losses	12
lost	21
lot	5
lots	1
low	38
low.in	1
lower	70
lowered	2
lowering	1
loyalists	1
lpg	1
ltd.hzl	1
ltd.shares	2
ltd.the	1
ltd10	1
ltd11	1
ltd12	1
ltd13	1
ltd14	1
ltd2	1
ltd3	1
ltd4	1
ltd5	1
ltd6	1
ltd7	1
ltd8	1
ltd9	1
luck	2
lucnam	1
lull	2
lynch	7
lyonnais	8
m	34
m-30	2
m.ore	1
m.p	1
m3	3
maanila	7
machinery	2
machines	1
macki	2
madeleine	2
madhumilan	4
madhusudan	3
madhya	4
madina	1
madras	14
mafatlal	1
magnet	1
magnum	6
mahal	1
mahanadi	1
maharashtra	13
maharashtra.aviation	1
mahatma	1
mahe	2
mahesh	2
mahindra	9
maida	1
mail	2
main	17
mainly	8
maintain	2
maintained	4
maintenance	2
maize	1
majeed	1
majlis	1
major	46
majority	23
majority.deve	1
majority.most	1
majors	3
makboul	6
make	36
maker	4
makers	1
makers.the	1
makes	1
making	14
malanpur	1
malaysia	1
maldives	2
malkani	9
man	3
manage	1
managed	2
management	4
management.malkani	1
management.the	1
manager	6
manages	2
managing	10
mandate	1
mandsaur	2
mangalam	2
mangalore	7
manipur	1
manmohan	1
manner	2
manoeuvrings	1
manufacture	1
manufacturer	1
manufacturers	4
manufacturing	6
maqbool	2
mar	13
maralunga	2
marble	2
march	144
march.pitale	1
margao	1
marginally	3
margins	2
maria	2
mark	5
marked	3
market	185
market.but	2
market.the	5
marketed	2
marketing	3
marketplace	1
markets	45
markets.transporters	1
marking	1
marlin	1
marmagao	1
marred	1
mars	1
martin	3
maruti	4
marwick	2
marxist	6
mashreq	4
mata	4
mataliev	1
match	2
material	2
materials	3
matt	1
matter	3
matters	1
maturing	8
maturities	7
maturity	24
maund	10
maund.gujarat	4
mauritius	1
maximising	1
maximum	3
may.asked	1
maybe	2
maykop	2
mckinsey	1
mcmillan	2
meal	7
mean	1
meaningful	2
means	4
meant	3
measured	1
measures	9
mechanism	3
mechanisms.many	2
medium	20
meet	26
meeting	35
meeting.the	1
meetings	7
meets	1
meghalaya	2
meghana	2
mehta	2
meira	1
member	10
members	11
membership	1
memorandum	4
men	2
menace	1
mentor	1
merchandise	4
merchant	2
merger	3
mergers	1
mergerthe	1
merity	1
merrill	7
merrillidbi	3
merrillsbi	3
mess	5
message	3
met	12
metal	8
metals	18
meteorlogical	1
methodology	2
metres	1
metropolitan	2
mhow	3
micon	3
mid	14
midday	6
middle	7
middlemen	1
midnight	5
midsize	4
mild	1
mildly	1
miles	8
militant	1
militants	1
millennium	6
miller	1
millers	4
million	264
million.corporates	1
million.oman	1
millionissue	1
millions	5
mills	24
mills.in	2
min	1
mind	8
mines	3
minimising	1
minimum	5
mining	1
minister	167
minister.kesri	1
minister.parliament	1
ministerial	3
ministers	10
ministry	48
minor	3
minority	26
minus	1
minutes	2
miserable	1
mislead	1
missed	2
mitra	2
mittal	1
mix	3
mixed	3
mizoram	1
mktprice	3
mln	6
mnh-93	2
modalities	1
model	5
models	5
moderate	2
modern	2
modernisation	1
modestly	1
modi	3
modified	2
mohanty	1
mohini	2
mold	1
moment	7
momentum	2
monday	36
mondays	1
monetary	3
money	39
monopolies	1
month	60
month.daewoo	2
month.the	3
monthly	6
months	22
mood	2
mood.the	1
moopanar	5
mop	3
mopping	1
mops	1
moral	1
morarji	2
morcha	1
more.he	1
morgan	11
morning	6
moslem	5
moti	1
motilal	2
motion	4
motion.another	2
motion.the	1
motley	1
motor	33
motorol	2
motors	8
motwani	2
mounted	4
mounting	2
moved	10
movement	39
moving	8
mr	8
mr.vikrant	1
ms	8
ms.chandra	1
mt	15
mtnl	3
mud	2
mukherjee	1
mukti	1
mulayam	2
multiplus	2
mumbai	3
munnetra	1
muscle	1
muslim	1
muslimeen	1
mustard	2
muster	4
mutha	2
mutual	15
mutually	2
mw	1
myriad	1
mysore	2
n	28
n.a	53
n.a.200	1
n.ayellow	1
na	2
nabi	1
nadu	2
nadu.united	1
nagaland	1
nagpaul	1
nagpur	1
naidu	2
nalco	2
nalkhera	3
nam	5
named	2
names	1
nand	3
nanded	1
nanji	2
narain	13
narasimha	4
narayan	1
naree	1
nariman	1
narmada	2
narrow	9
nasscom	2
nathan	1
nation	4
nation.qaboos	1
nation.the	1
national	37
nationale	5
nationalist	12
nationalists	4
nations	7
nationwide	6
natural	15
nature	2
natwest	2
nav	8
nava	1
navasheva	2
navinbhai	2
navs	2
nawaz	1
nc	2
ncc	2
ncd	6
near	5
nearer	1
nearly	16
nec	2
necessary	5
need	20
needed	6
needs	3
neemuch	3
negative	1
negligible	2
negotiable	2
negotiated	3
negotiating	4
negotiations	6
negotiators	1
nehru	3
neighbouring	1
neighbours	1
neo	1
nepc	2
nerguhdi	1
nerves	3
nervous	4
nervous.bombay	1
nervous.newspapers	2
nervously	1
nervousness	2
nestle	4
net	43
netherlands	2
new	120
newcomer	1
newfound	1
newly	1
news	42
newsdesk	1
newspaper	9
newspapers	5
newsroom	111
nhi	1
niab-78	2
nicholas	1
nickel	2
nigam	1
nike	3
nikolaos	1
nil	27
nimesh	2
niraj	3
nitrite	2
nj	3
nominated	1
nominee	1
non	35
nordcap	2
norgas	2
normal	1
normally	1
norms	11
north	2
northeast	2
northern	12
note	34
notes	8
notice	6
notification	1
notified	6
nov	32
nova	3
november	3
now.the	2
npa	2
npas	2
nri	1
nris	1
nse	3
nse-50	1
nucleus	4
number	12
numbers	1
numeric	2
nur	2
nzc	2
nzpa	1
o	37
objected	1
objective	1
objectives	1
objects	5
obligation.note	1
obscured	1
observerbombay	1
observerhitachi	1
observerneed	1
observers	1
obtained	4
obviating	1
ocb	1
ocbs	2
occupancy	1
occupied	3
occupying	1
occurred	1
ocd	1
ocean	9
oct	25
october	3
octroi	3
odds	1
oen	2
ofcd	1
offer	20
offered	8
offering	9
office	5
office.a	1
office.the	1
officer	3
officers	1
offices	2
official	36
official.but	1
officially	2
officials	60
offsetting	1
offshore	6
offtake	1
oifp	2
oil	67
oils	2
oilseed	2
oilseeds	4
oj-1	3
oj-111	3
old	28
oldest	1
olein	2
oman	36
omani	4
omissions	2
ongc	10
ongoing	18
onwards	2
onwards.chaturvedi	1
oo0oo	3
open	24
opened	4
opener	2
opening	23
opens	1
operate	3
operating	3
operation	2
operational	1
operations	17
operator	1
operators	25
operators.groundnut	2
opinion	7
opponents	1
opportunities	5
opportunities.littlewoods	1
opportunity	8
oppose	3
opposed	3
opposes	8
opposition	10
opposition.the	2
opt	2
optical	2
optimism	2
optimist	1
optimistic	5
option	3
optionally	2
options	2
orbitor	2
order	9
orders	8
ordinary	2
ore	7
ore.tata	1
organisation	1
organisations	2
orient	11
oriental	3
original	4
originally	1
orissa	1
oscar-1	3
osian	2
oswal	2
oust	4
outcome	3
outflow	4
outflows	1
outlets	1
outlook	6
output	10
output.the	1
outright	1
outside	8
outstanding	5
over.but	1
over.some	1
overall	5
overcame	1
overcome	1
overfull	1
overpriced	1
overseas	14
oversee	1
oversees	1
owe	2
owned	32
owners	49
owning	4
p	32
p&v	2
p.acid	1
p.chidamabaram	1
p.s	2
p0.87/0.94	1
p0.90/0.95	2
p1	6
p1.02	3
p1.05	3
p1.06	3
p2.35/2.45	1
p2.40/2.50	2
p2.74	3
pa	13
pachyderms	2
pacify	1
pack	1
package	1
packing	1
pact	1
page	2
paid	6
paints	1
paise	7
paise.ten	1
pakistan	18
pakistani	7
pakistanis	1
pallets	3
palm	6
panel	2
panels	1
panels.parliament	3
panglima	3
paper	14
paralyse	1
paralysed	2
paramilitary	1
parasrampuria	1
parent	3
parents	1
paribas	4
parijat	1
parikh	8
paris	5
parishad	1
park	5
parks	1
parleys	1
parliament	99
parliament.but	1
parliament.deliveries	1
parliament.newspapers	1
parliament.the	4
parliamentarians	1
parliamentary	17
parore	1
parry	3
parsoli	2
partially	6
participation	4
particular	1
particularly	2
parties	42
partly	9
partners	1
partners.deve	1
partnerseven	1
partnership	2
parts	1
party	196
party.congress	1
pascal	1
pashupati	1
pass	21
passage	21
passed	36
passenger	1
passengers	1
passing	5
past	11
patch	1
patel	4
path	5
pathbreaking	1
patrol	1
pattern	2
pav	3
pavitra	2
pavitrastreamhsd	1
pawar	1
pay	8
payable	3
payment	3
payments	2
paymentthe	1
pays	1
pcd	3
pcds	3
pcn	2
pcpl	2
pcs	2
pct	68
pctindia	3
pctindustrial	1
peace	11
peak	1
pearl	4
peas	2
peat	2
pedestrians	1
pegged	2
pellets	2
pencenote	3
pending	1
penetration	1
penn	1
pension	3
people	18
percent	311
percent.exports	2
percent.foreign	2
percent.it	1
percent.singh	1
percent.talks	1
percent.the	15
percentage	4
peregrine	1
performance	10
performed	1
performing	3
peri	2
period	16
period.please	1
perishable	8
permal	1
permission	2
permit	5
permits	1
permitted	3
permitting	1
persist.india	1
persists	1
personal	9
personalities	1
perspective	1
perturbed	1
pessimist	2
pest	1
petersburg	2
petro	1
petrochem	1
petrochemical	5
petrochemicals	5
petrol	1
petroleum	13
peugeot	2
pharma	2
pharmaceuticals	4
pharmasia	2
phase	1
phdcci	2
phelps	6
phillipines.stc	1
phillips	2
phoenix	2
phos	3
phos.acid	2
phosphate	4
phosphoric	1
physical	3
pick	1
picking	3
picture	1
piece	4
pin	1
ping	1
pinned	2
pinning	5
pioneer	1
pioneerunited	1
pipai	1
pipeline	17
pipelines	2
piqued	1
pitale	5
pivotal	2
pivotals	1
pk	2
place	7
placement	2
places	2
placing	1
plan	27
planned	17
planned.but	1
planning	8
plans	12
plant	13
plants	2
plate	1
plates	5
platform	1
platinum	2
play	7
player	4
players	11
players.the	1
playing	2
plc	3
plea	1
pleases	1
pledge	1
ploy	1
plunge	3
plunged	1
plunging	6
plus	1
pm	1
pmt	4
pmtex	3
pmtthe	1
pnb	4
pocketed	1
point	3
pointed	1
pointing	1
points	63
points.the	1
pointsstock	1
pointsthe	1
police	3
policies	4
policy	37
politburo	1
political	162
politician	1
politicians	8
politics	3
poll	13
polls	18
polls.congress	1
pollution	1
pollution.keshubhai	1
poly	3
polyester	3
polyspin	2
pond	2
pool	4
pools	1
poor	9
population	3
populous	4
port	45
port.on	1
portfolio	3
portfolio.a	1
portfolios	2
ports	25
pose	3
position	9
positioned	2
positions	6
positive	10
possesses	1
possibilities	1
possibility	8
possible	13
possible.asked	1
possible.in	1
posted	2
poster	1
postpone	1
postponed	3
postpones	1
posts	1
pot	2
potash	6
potential	4
potentially	1
poulenc	1
pound	3
pounds	2
pouring	2
powder	2
power	61
power.the	3
power.why	1
powerful	4
pp	8
pr1	2
pr2	1
pr3	1
pr4	1
pr5	1
prabhu	3
pradeep	2
pradesh	17
pradip	1
prahlad	2
praja	2
prakash	2
prakrati	1
pran	2
pranab	1
pranam	1
prasad	6
pratap	1
prayog	1
pre	1
preana	3
precarious	1
precede	4
precedent	4
precipitate	1
precison	2
predetermined	1
predicted	3
predicting	2
predicts	1
prefer	4
preference	4
preferential	1
preliminary	4
preliminaryleague	2
prem	1
premature	2
premia	6
premium	16
premiums	34
premiums.booking	3
premiums.the	3
premiums.traders	1
premiums.wisa	1
preparations	1
prepare	4
prepared	13
preparedness	1
prepares	1
preparing	1
prescribed	1
presence	2
present	23
presentation	1
presented	13
president	55
press	8
pressed	2
pressing	4
pressman	1
pressure	19
prestige	1
prevailing	3
prevent	4
prevented	1
previous	52
previousgur	2
previously	3
previousoilseeds	2
previousrupee	3
price	60
priceballarpur	1
prices	145
prices.a	1
prices.the	2
pricing	1
primarily	2
primary	6
prime	97
princess	3
principal	3
principle	2
prior	2
priority	1
privacy	1
private	24
priya	1
pro	6
probably	1
problem	6
problematic	1
problems	12
problems.in	1
procedures	2
proceed	2
proceeds	1
process	2
process.qaboos	1
processing	2
processors	1
procure	1
procured	1
procurement	8
produce	8
produced	20
producers	5
produces	1
producing	5
product	10
production	25
productivity	1
products	15
professionals	4
profile	4
profit	35
profitability	2
profits	7
program	3
programme	15
programme.the	1
programmes	6
progress	2
progressing	1
prohibition.foreign	4
project	36
project.he	1
project.india	2
project.the	1
projected	3
projecting	2
projections	3
projects	18
projects.infosys	2
prolonged	3
promiscuity	1
promise	1
promised	1
promises	2
promote	2
promoters	2
promotion	3
prompt	3
prompting	1
prone	2
propel	4
proper	10
properly	3
property	1
propitious	1
proposal	16
proposals	17
proposed	44
proposing	1
propped	3
prospect	2
prospects	6
protect	6
protection	9
protest	29
protesting	1
prove	9
provide	12
provided	3
provides	2
providing	2
province	1
province.police	1
provision	1
provisional	11
provisional.source	4
provisionally	3
provisions	1
provisionthe	1
provoke	3
prudential	1
psi	2
pti	5
pts	4
public	7
publicly	2
pull	2
pulled	8
pulp	2
pulses	1
pune	1
punitive	3
punjab	13
punjab.the	2
purchase	7
purchaseby	1
purchased	3
purchases	25
purchasing	1
purpose	6
pursue	1
pursued	1
push	9
pushed	5
pushes	1
pushing	6
putting	6
pv	4
pvs	1
pvt	5
q	6
qaboos	6
quadrangular	1
quality	7
quan	1
quantity	3
quantum	1
quarter	2
quarterly	1
quarters	3
question	12
questions	2
queues	1
quick	2
quickly	5
quiet	3
quila	1
quintal	25
quintal.nickel	1
quit	5
quite	1
quorum	1
quota	2
quoted	32
quotedfor	3
quotes	9
quoting	1
r	5
r.d	3
r.g.bhat	1
ra	2
raashi	4
races	1
radha	1
raghuraman	1
raha	1
rail	7
railway	1
railways	1
rain	2
rains	11
raise	20
raised	10
raising	1
rajasthan	2
rajgarh	1
rajkot	3
rajya	1
raksha	2
rallied	2
rallis	2
rally	1
rama	5
ramaiah	1
ramakrishnan	10
ramamoorthy	1
ramani	1
ramu	2
ran	1
ranbaxy	5
rangarajan	3
range	13
rangebound	1
rangnekar	3
ranking	9
ranks	4
ransom	1
rao	6
rapeseed	7
rapprochement	1
rapseed	1
rasheed	2
rashmi	2
rashtriya	3
rasoi	2
rate	43
rated	1
rates	77
rates.the	2
rateswith	1
rathore	6
rathorei	1
ratified	1
rating	13
ratings	1
ratio	8
ratna	2
rattles	1
ravine	1
ravshanjon	1
raw	4
raymond	6
rayon	4
rbi	65
rcf	3
rd	3
reach	7
reached	4
reaching	2
reacted	2
reaction	3
ready	25
real	11
realise	2
realised	2
reality	3
really	5
reap	1
reasonable	2
reasons	3
rebate	3
rebel	1
rebellion	1
rebounded	1
recalled	1
recast	1
receded	2
receipt	2
receipts	10
receive	2
received	15
receivers	1
receiving	1
recent	22
recently	9
reckitt	2
recomend	3
recommend	1
recommendation	6
recommendations	1
recommended	5
reconsider	4
reconsideration	1
reconsidering	1
reconstruction	1
reconvenes	1
reconvening	5
record	7
recorddate	1
recorded	3
recovered	5
recovering	1
recovery	7
red	2
reddy	16
reddys	3
redefine	1
redemption	14
redemptionpeteron	1
redeployed	1
redfine	1
reduce	3
reduced	6
reducing	2
reduction	1
ref	2
refer	2
reference	11
referred	1
referring	4
refined	8
refiner	2
refineries	10
refineries.other	1
refinery	5
refining	2
reflected	2
reform	5
reformist	1
reforms	13
reforms.the	1
refrain	3
refuse	1
refused	4
regarding	1
regardless	4
regency	2
regime	1
region	8
regional	17
regions	1
regions.last	1
regions.these	1
register	1
registered	3
regulations	3
regulator	4
regulatory	2
rehabilitation	1
reiterated	2
rejected	2
rejectedthe	1
relate	2
related	3
relations	2
relative	1
relatively	5
relaxation	1
relaxed	2
relaxedthe	1
release	1
released	8
releasing	2
relenting.they	2
reliable	3
reliance	19
relief	1
reluctance	1
reluctant	4
reluctantly	2
remain	11
remained	21
remaining	4
remains	5
remit	1
remote	1
renamed	1
renew	1
renewed	3
renown	3
reopens	2
repaid	1
repay	1
repayment	1
repeated	1
repl	2
replace	11
replaced	2
replacement	1
replacements	2
repo	12
report	10
report.diesel	1
report.meteorological	1
reportc	3
reported	4
reportedly	2
reporters	15
reporters.india	1
reporters.the	3
reports	9
repos	3
representative	1
representatives	1
represented	1
representing	2
represents	9
repression	1
represssive	1
repurchase	1
reputed	1
request	3
require	1
required	8
requirement	1
requirements	2
reschedule	1
rescue	8
research	8
resepctively	1
reservations	1
reserve	28
reserves	11
reserves.india	1
reshape	1
resident	12
resign	2
resignation	4
resigned	1
resigned.the	1
resisted	1
resolution	3
resolve	5
resolved	1
resources	4
respective	1
respectively	4
respectively.dealers	1
responding	1
response	10
responsibility	3
responsibility.more	1
responsible	5
responsible.many	1
rest	3
rest.by	1
rest.since	2
rest.the	2
restart	1
restless	2
restricted	2
restrictions	2
restrictions.for	1
restructure	1
restructuring	4
rests	1
result	4
resulted	2
resulting	1
results	34
resultsnagarjuna	2
resume	2
resumed	3
resuming	1
retail	12
retailer	1
retailing	2
retaining	2
retard	1
retreat	2
return	8
returned	2
returns	2
reuters	54
reuters.asked	2
reuters.but	2
reuters.for	1
reuters.garg	1
reuters.he	1
reuters.on	3
reuters.the	9
reuters.truck	2
reuters.under	1
reuters.united	1
revamped	1
revamps	1
revathi	1
revealed	1
revenue	4
revenues	2
reversed	1
reviewing	1
revise	1
revised	18
revision	3
revisions	1
revival	1
revived	1
revolt	4
revolt.pakistan	1
revolutionary	1
rewarding	2
rewards	1
reworked	1
rhone	1
ric	1
rice	13
richest	1
ride	2
ridha	1
ridiculously	1
riding	1
rift	1
right	11
rights	18
rightwing	5
rim	1
ripped	1
rise	26
risen	4
rises	2
rising	11
risk	9
risks	2
risky	1
ritz	2
rival	6
rivals	1
river	1
rkd	2
road	21
roads	28
robert	7
robust	2
rock	2
rocketed	3
rod	4
rods	2
role	6
rolled	1
roller	1
rolling	1
rollover	1
rome	2
romesh	1
room	1
rope	1
rosaleen	2
rose	37
ross	1
round	2
rounding	2
rounds	2
rounds.pakistan	1
route.on	1
routes	9
royalties	1
rr	1
rs	37
rs.10	1
rs.22.5million	1
rs/10gm	3
rtz	3
rubber	2
rugby	2
rule	14
ruled	5
rules	11
rules.but	1
rules.gulf	2
ruling	38
ruling.it	1
run	48
running	5
rupea	1
rupee	41
rupeeand	1
rupeeoutright	2
rupees	355
rupees.bhel	2
rupees.gross	1
rupees.india	1
rupees.other	1
rupees.sentiment	1
rupees.spic	1
rupees.the	3
rupeesjm	1
rupeesweighted	1
rural	5
rush	2
russia	9
russian	2
s	51
s-30	2
s.h.g.zinc	1
s.s	1
sa	2
saarc	1
sabha	16
sabnis	2
sabyasachi	2
sack	1
sadiq	1
safe	4
safely	2
safety	3
saha	1
said	732
said.a	5
said.acc	1
said.an	1
said.and	2
said.another	1
said.arrivals	4
said.awasthi	2
said.bhel	1
said.bombay	1
said.booking	1
said.business	1
said.but	5
said.call	1
said.colombo	2
said.congress	3
said.copper	1
said.dealers	1
said.december	1
said.delivery	1
said.demand	1
said.deve	1
said.dun	1
said.forward	1
said.friday	1
said.gold	1
said.growing	1
said.gujral	1
said.gulf	2
said.he	6
said.holding	1
said.in	5
said.india	5
said.indian	2
said.industry	1
said.infosys	4
said.installed	1
said.it	4
said.jm	3
said.kesri	4
said.last	1
said.lead	1
said.littlewoods	3
said.makboul	1
said.manager	1
said.meanwhile	1
said.mill	1
said.most	1
said.nationalised	1
said.officials	1
said.oman	1
said.other	2
said.overall	1
said.overseas	1
said.pakistan	1
said.parliament	2
said.petroleum	1
said.pitale	1
said.premiums	1
said.president	1
said.prices	1
said.prime	2
said.rates	1
said.rbi	2
said.seven	1
said.short	1
said.shortage	1
said.silver	1
said.soymeal	1
said.soyoil	1
said.square	2
said.stc	1
said.stray	1
said.sugar	1
said.suspected	1
said.tata	1
said.the	63
said.they	8
said.this	1
said.tin	1
said.traders	2
said.treasury	2
said.truck	2
said.two	1
said.under	1
said.united	1
said.wellington	1
said.zinc	1
sail	2
sale	14
saleable	3
salem	1
sales	40
salman	2
salt	3
salvage	5
salvaged	5
salvaging	3
samaj	1
samajwadi	3
samata	1
sambit	1
samir	4
samrat	1
sanath	1
sanchar	1
sanctioned	1
sanctions	1
sandvik	2
sangma	18
sanjay	3
sanjeev	1
sanmar	2
sarah	1
sarda	9
sarma	1
satellite	10
satisfactory	1
satisfying	1
satish	9
satraps	2
saturday	2
saudi	2
save	8
saved	1
saving	4
savings	1
saw	9
say	37
say.markets	1
saying	11
saying.the	1
says	22
saysgujral	1
saysthe	1
saythey	1
sbbj	1
sbc	3
sbi	23
sbm	3
scale	3
scale.sales	1
scandal	1
scattered	3
scenario	3
scenes	2
schedule	16
scheduled	19
scheduleof	1
scheme	8
schemes	3
schemes.other	1
schroder	3
scici	10
scoffed	2
scope	1
scorers	2
scotia	3
scramble	1
scrap	4
scrapping	4
scuttling	1
sd	1
sdl	12
sdrs	3
sea	4
sea.a	2
sea.according	1
sea.omani	1
seamerit	2
sears	4
sears.littlewoods	1
season	6
season.traders	1
seasonal	4
seats	7
sebi	5
sebs	3
sec	6
secon	2
second	9
secondary	3
secret	2
secretariat	1
secretaries	6
secretary	8
secretly	1
sections	1
sector	46
sector.ramakrishnan	1
sector.tata	1
sector.the	2
sectoral	1
sectorglobal	1
sectors	3
secular	1
secure	1
securing	1
securities	79
securities.analysts	1
security	5
seed	2
seeing	1
seek	17
seeking	5
seen	9
segment	3
segments	1
sela	1
selectors	1
sell	5
sellers	1
selling	15
selvapandian	8
semi	2
sena	1
sending	2
senior	32
sense	1
sensex	1
sensible	1
sensitive	5
sent	3
sentiment	6
sentiment.key	1
sentiment.the	1
sentiment.traders	1
sentiments	1
sentinal	2
sentosa	1
sep	6
separate	1
separatist	5
sept	4
september	8
sequeira	2
series	2
serv	2
servant	7
serve	1
service	54
services	26
services.industry	1
services.nalco	1
services.qaboos	1
sesa	1
session	5
set	45
setback	4
sethi	5
setting	7
settle	3
settlement	3
settling	1
seven	11
severely	8
sewree	1
seychelles	2
sfr	1
sgl	2
sh	2
shackled	1
shade	1
shadow	1
shah	10
shaken	1
shall	1
shamshad	2
shankar	13
shapes	1
sharad	5
share	27
shared	1
shareholders	4
shareholders.daewoo	2
shareholders.the	1
shareholding	3
shares	53
shares.according	1
sharif	1
sharing	2
sharma	23
sharp	15
sharply	12
shayona	1
shed	4
shedding	1
sheds	1
sheet	2
shekhon	3
shift	2
ship	28
shipment	1
shipments	1
shipowner	1
shipowners	1
shipper	1
shippers	3
shipping	9
ships	8
shipyards	1
shiromani	1
shiv	4
shiva	1
shock	1
shone	4
shopping	6
shored	2
short	16
shortage	15
shortlisted	1
shot	1
show.analysts	1
showed	8
showed.six	1
showing	2
shown	1
shows	2
shr	1
shree	3
shreyas	1
shrugging	1
shut	3
shy	1
shyam	4
sia	16
sica	1
sick	2
sickness	1
sicknessthe	1
sidelined	5
sidelines	5
sides	10
sideways	3
sight	1
sign	7
signal	1
signalled	1
signals	3
signature	1
signed	21
significance	1
significant	4
significantly	1
significantly.rathore	1
significantly.the	1
signing	1
signode	2
sikkim	2
silence	1
silicon	2
silk	3
silva	1
silvasa	3
silvassa	1
silver	9
silver.999	3
simbhaoli	2
similar	4
simon	1
simple	10
simply	1
simultaneously	2
sindh	1
singapore	24
singapore.the	1
singh	29
single	7
sinter	3
siporex	1
siries	2
sitaram	17
sitting	1
situation	9
size	16
sk	1
skies	1
skilled	2
skills	2
skin	1
sko	6
sky	3
sl	2
slack	1
slash	6
slated	1
slide	1
slightly	4
slipped	2
slow	2
slowdown	3
sluggish	3
slump	1
small	25
smaller	1
smelter	1
smelters	1
smokescreen	1
smoothe	1
sn	1
snag	4
snap	13
snubbed	2
so.ahimsa	1
social	1
socialist	3
societe	4
soda	3
software	35
solace	1
sold	10
solely	1
solid	2
solidly	1
soliev	1
solution	9
solutions	14
solutions.india	2
solv	2
solvent	6
somaiya	6
somewhat	3
sonkutch	3
sons	1
sooji	1
soon	13
soon.dealers	1
soon.singh	1
sooner	2
sophisticated	1
sort	2
sought	7
source	20
sources	11
sourcing	3
south	10
southern	5
soyabean	1
soybean	7
soymeal	7
soyoil	9
sp	9
space	2
sparked	1
sparking	1
speaker	22
speakerthe	1
speaking	1
spearheading	1
special	6
species	1
specific	3
specifically	1
speculation	2
speculative	4
speculators	4
speech	1
speed	3
spelt	1
spend	3
spending	4
spent	4
spent.the	2
spic	11
spin	2
spinner	1
spinners	1
spinning	6
spirit	4
spite	2
split	4
splits	1
splitting	1
spoke	3
spokesman	52
spokeswoman	11
spot	28
sprang	1
sprawling	2
spreads	1
spree	1
spurred	3
squad	1
square	9
srei	1
sri	7
srikanta	6
srinagar	1
srm	1
st	2
stabilised	1
stability	2
stable	4
staff	4
stage	4
stage.analysts	1
stage.the	1
staged	1
stages	2
stake	15
staked	5
stakes	42
stalemate	2
stalled	1
stance	5
stand	7
standard	11
standardalternate	1
standardnew	1
standards	1
standardsectoral	1
standing	5
standoff	2
standstill	4
standstill.trade	2
standstill.traders	1
stanley	7
staple	5
star	10
start	4
started	16
starting	2
starts	2
state	122
state.an	1
state.kesri	2
state.the	1
stated	11
statement	53
statement.care	1
statement.dena	1
statement.procurement	1
statement.the	4
statement.they	1
statements	3
statementthe	1
states	27
states.the	1
states.they	1
statesman	1
station	2
stations	2
statistics	1
statutory	1
stay	1
staying	1
stays	1
stc	17
stci	8
steady	27
steal	1
steamer	1
stearns	3
steel	37
steels	1
steep	2
steeply	1
steer	2
steering	11
step	10
stephen	1
stepped	2
stepping	1
steps	3
sterling	3
stipulated	1
stirtruck	1
stock	98
stock.bhel	1
stockists	1
stockpiling	1
stockpoint	1
stocks	40
stocks.in	1
stone	3
stood	12
stop	3
stopped	4
storage	2
store	3
stores	7
stories	6
storiesthe	3
storing	1
storm	1
story	3
straightscici	3
strain	1
stranded	2
strange	2
strapped	1
strategic	1
strategy	6
strategy.sia	1
stratosphere	2
stream	44
strength	6
strengthen	1
strengthened	1
stressed	3
strike	127
strike.delivery	1
strike.imported	2
strike.industry	2
strike.joshi	1
strike.owners	1
strike.the	1
strikes	2
strikethe	1
striking	6
strip	1
strips	1
strong	17
strong.soymeal	1
strong.soyoil	1
stronger	2
strongest	1
stronghold	2
strongly	2
struck	2
structural	2
structure	1
structured	3
struggle	1
struggled	1
stuck	3
studies	1
studies.deve	1
studies.he	1
study	12
style	2
styled	1
sub	1
subhash	7
subject	4
subjects	1
submarines	1
submission	5
submit	2
submitted	7
subscribers	2
subsea	3
subsequent	2
subsided	1
subsidiaries	2
subsidiary	5
subsidiaryhitachi	1
subsidised	4
subsidy	2
substantial	4
substantially	2
substantive	2
suburbs	1
succeeding	2
success	2
successes	1
successfully	1
sudarshan	2
sudden	5
suddenly	2
suffer	1
suffered	3
suffering	6
sugal	1
sugar	16
sugars	1
suggested	3
suggestion	1
suicide	2
suit	1
suitors	1
sul	1
sulphate	2
sultan	10
summary	3
summer	4
summit	1
sun	3
sunday	39
sunday.a	1
sunday.bombay	1
sunday.deve	1
sunday.sbi	1
sundry	1
sunflower	6
sunil	1
sunrise	1
superintendent	1
superior	1
supplied	8
suppliers	2
supplies	4
supplies.the	1
supply	18
supplying	2
support	85
support.analysts	1
support.congress	2
support.earlier	1
support.silver	1
supported	2
supporting	2
supreme	1
suprised	2
sure	9
surendranagar	1
surface	8
surface.makboul	2
surface.the	1
surge	8
surged	9
surgery	2
surges	1
surging	1
surjeet	3
surplus	1
surprise	1
surprises	1
surroundings	1
surveya	3
survival	5
survival.the	1
survivalthe	1
survive	4
survives	2
surya	2
suspend	1
suspended	4
suspension	1
suzuki	8
sv	1
sweeping	2
swiftly	3
swing	3
swings	2
swiss	6
switzerland	3
symbol	1
symbol.care	1
syndicate	4
syndicated	3
syntex	4
synthetics	2
system.dealers	1
system.indian	1
systems	5
t	19
table	13
tackle	2
tactics	1
tag	1
tainted	1
taiwan	3
taj	3
taken	15
takers	1
takes	1
taking	18
talib	4
talk	1
talked	3
talking	8
talks	70
talks.during	1
talkson	1
taloja	4
tamil	10
tampered	1
tanfac	2
tankers	4
tap	1
target	12
targeted	3
targetted	1
tariff	6
tariffs	3
tariffs.politicians	1
task	2
taste	1
tastes	2
tata	48
tatas	6
tax	82
taxation	5
taxes	2
tea	1
teach	2
teak	2
team	4
technical	11
techno	2
technolgy	2
technologies	9
technology	14
teenager	1
tel	12
telecom	3
telecommunications	6
telephone	9
telephones	1
telesystems	1
television	9
television.tampering	1
televison	2
telling	2
telugu	1
temperatures	1
temporary	1
tended	2
tends	1
tense	1
tentative	1
terest	1
term	39
terminal	3
terminals	5
terminals.shortages	1
terms	7
terrified	2
test	17
test.the	1
teus	6
teviot	2
text	4
textile	2
thai	1
thakkar	6
thane	1
thanks	1
thapar	4
thermal	8
thing	8
things	5
think	26
thirds	3
thomas	2
thorny	1
thoroughly	1
thrashing	1
threat	5
threatened	2
threatening	6
threshing	1
threw	2
thrice	1
throwing	1
thrown	1
thrust	2
thumping	1
thunder	1
thursday	58
thursday.a	1
thursday.hcl	1
thursday.he	1
thursday.more	1
thursday.new	1
thursday.state	1
thursday.the	7
thursday.they	1
thwart	1
tie	10
tie.general	1
tie.the	1
tied	1
ties	3
tiger	3
till	12
timber	5
time	48
time.congress	1
timely	2
times	10
timeschambers	1
timescongress	1
timeslet	1
timessupport	1
timestalks	1
timesunited	1
timing	1
tin	3
tips	1
tisco	2
titan	2
tiwari	1
tmc	6
tobacco	1
today	23
tokyo	1
told	109
tolls	1
tom	8
tomorrow	1
tonne	38
tonnes	114
tonnes.it	1
tons	20
took	4
top-50	1
topple	10
total	57
totality	1
totalled	2
totalling	1
toubro	3
touched	3
tough	2
tour	2
tour.chris	1
tourism	3
tournament	4
towns	1
toyota	5
traced	1
track	4
tracked	1
tracks	2
trade	55
trade.the	2
traded	13
tradedindore	3
trader	13
trader.in	1
traders	31
tradersto	7
trades	3
trading	39
traditional	1
trafalgar	2
traffic	3
trai	1
training	1
transactions	9
transfer	1
transformation	2
translate	1
transmission	2
transmitters	2
transparent	2
transport	75
transportation	1
transporters	5
transshipment	5
transshipping	4
travel	1
treasury	33
treated	1
treaty	1
trend	3
trends	1
trial	1
trials	1
tribunal.gadgil	1
trickled	1
trident	2
triggered	8
trim	1
trimmed	1
trimming	1
trip	1
tripura	3
tropics	1
truck	45
truckers	23
truckersthe	1
trucks	46
true	1
truly	2
trust	41
trustid	3
try	4
trying	16
tube	1
tubes	1
tuesday	79
tuesday.gujral	1
tuesday.in	1
tuesday.kesri	2
tuesday.newspapers	1
tuesday.the	4
tuesdaythe	1
tulip	1
tuned	2
turmoil	7
turn	3
turnaround	1
turned	6
turnover	21
tushar	5
tuticorin	6
tv	6
twice	3
twist	1
type	1
typically	2
u.s	1
ubs	1
udyog	2
uf	12
ugine	2
ujjain	3
uld	91
umbrella	1
umesh	1
unable	5
unaffected	3
unaltered	1
unaudited	2
unavoidable	1
unawares	2
uncertain	3
uncertainties	4
uncertainty	15
uncertainty.deve	1
uncertainty.in	1
uncertanty	1
unchanged	6
unchanged.nickel	1
uncle	2
unclear	1
undecided	1
undercurrent	2
undercut	1
understand	4
understandable	1
understanding	6
undertone	9
undesirable	1
unemployment	1
unexpected	2
unexpectedly	1
unfazed	1
unfolding	1
unhappy	2
uni	2
unimpressive	1
union	4
unions	2
unit	2
unitank	2
united	131
units	3
unity	1
universal	1
unleashed	1
unless	16
unlikely	5
unload	2
unloading	38
unnamed	2
unnerves	1
unprecedented	1
unprofitable	1
unreliable	1
unresolved	1
unscathed	1
unseasonal	4
unsold	3
unspecified	3
untouched	2
unveils	2
unwarranted	1
unwilling	2
up.in	1
up.the	1
upbeat	1
upcoming	2
update	2
upgraded	2
upgrading	2
upheaval	1
upheld	7
upmarket	2
upper	1
uppermost	2
upswing	1
upto	8
uptrend	1
upward	2
upwards	2
urban	3
urea	6
urged	8
use	11
used	2
users	3
uses	2
usha	1
using	1
usually	2
uti	11
utilises	1
utilising	1
utility	1
uttar	9
uzbekistan	3
v	14
vacancies	1
vacant	3
vaid	2
valid	3
valley	2
valley.infosys	2
valuable	1
valuation	2
value	9
valued	6
values	5
vanaspati	2
vanish	2
varies	1
variety	3
varinder	2
various	11
vaulted	2
vbc	1
veh	2
vehicle	4
vehicles	23
velodi	1
venlon	2
venture	22
venture.the	2
ventures	4
venturethe	1
verghese	1
verification	1
verified	3
verma	2
versed	1
vessels	27
vetoes	1
vettori	4
viable	1
vice	11
victoria	4
victory	5
videsh	1
view	8
views	3
vijaynagar	1
vikas	4
vinay	2
vintage	3
violating	1
violence	2
vipin	1
vippy	1
virmani	1
virtually	1
visakhapatnam	4
vishva	1
visit	9
visit.makboul	1
visiting	1
visitors	1
vita	3
vital	13
vithal	6
viyella	2
vj-1	3
vj-11	3
volatile	1
volatility	1
voltas	2
volume	4
volumes	4
vote	136
vote.deve	1
vote.for	3
vote.jaipal	1
vote.minor	1
vote.newspapers	1
vote.sangma	1
vote.sharma	1
vote.the	1
voted	3
voters	4
votes	18
voting	6
voting.the	2
vouch	3
vowed	6
vp	2
vs	4
vsnl	2
vst	1
vulnerable	2
vxl	2
vyas	1
wage	1
waged	1
waging	1
wait	2
waiting	3
wake	4
wallp&v	3
wane	1
want	17
wanted	5
wants	7
war	3
warburg.note	2
warburgnote	1
warehousing	1
warm	1
warrant	1
warrants	7
wars	3
washington	3
watch	1
water	2
waterapril	2
waterhouse	1
wave	2
way	14
ways	9
we'd	1
we'll	2
we're	2
we've	1
weak	3
weakening	1
weakness	2
weather	5
wedd	6
wednesday	80
wednesday.care	1
wednesday.deve	2
wednesday.hong	1
wednesday.india	1
wednesday.industry	1
wednesday.prime	1
wednesday.tampering	1
wednesday.the	9
week	44
week.p.c	1
week.they	1
weekend	7
weekly	6
weeks	5
weigh	1
weight	10
weighted	6
welcome	4
went	4
west	3
western	11
whatsoever	2
wheat	62
whichever	3
whirlwind	1
white	2
whiz	2
wholesale	5
wholly	1
wi	6
wide	4
widely	6
widen	1
widia	2
wild	2
willing	4
wilma	1
win	23
wind	1
window	3
windowthe	1
winds	2
windsong	1
wing	4
wings	1
winner	1
winter	2
wiping	2
wire	4
wisa	2
wise	9
withdraw	7
withdrawal	15
withdrawing	4
withdrawn	6
withdrew	32
witnessed	1
woefully	1
won	1
wondering	1
woo	2
woolways	2
work	14
worked	3
workers	1
works	3
world	21
worries	2
worry	2
worrying	1
worsen	1
worsened	1
worst	3
worth	23
wounded	1
wounding	1
write	2
wrote	1
wrought	2
x	3
xerox	1
xiang	3
y2k	26
y2k.niit	2
yachuri	1
yadav	8
yamamah	2
yanbu	2
yarn	13
year	101
year.asked	1
year.bhel	1
year.it	6
year.q	1
year.rapeseed	1
year.soyoil	1
year.stc	2
year.the	3
yearly	17
years	20
yearthe	1
yechury	1
yellow	74
yes	10
yesterday	5
yield	15
yielded	5
yields	2
yogendra	7
young	3
youngster	1
youngster.new	1
yr	6
ytm	2
zallaq	3
zealand	7
zero	9
zinc	21
zoete	6
zoo	7
zuari	2
zurich	3
